


 13 13  0  0000  0  0  0  0  0999 V2000
    5.9820   -4.6062    0.0000 C   0  0  0  0  0  0  0  0  0  0  0
    5.3180   -3.4576    0.0000 C   0  0  0  0  0  0  0  0  0  0  0
    5.9820   -2.3031    0.0000 O   0  0  0  0  0  0  0  0  0  0  0
    3.9900   -3.4576    0.0000 O   0  0  0  0  0  0  0  0  0  0  0
    3.3260   -2.3031    0.0000 C   0  0  0  0  0  0  0  0  0  0  0
    3.9900   -1.1545    0.0000 C   0  0  0  0  0  0  0  0  0  0  0
    3.3260    0.0000    0.0000 C   0  0  0  0  0  0  0  0  0  0  0
    1.9920    0.0000    0.0000 C   0  0  0  0  0  0  0  0  0  0  0
    1.3280   -1.1545    0.0000 C   0  0  0  0  0  0  0  0  0  0  0
    1.9920   -2.3031    0.0000 C   0  0  0  0  0  0  0  0  0  0  0
    1.3280   -3.4576    0.0000 C   0  0  0  0  0  0  0  0  0  0  0
    0.0000   -3.4576    0.0000 O   0  0  0  0  0  0  0  0  0  0  0
    1.9920   -4.6062    0.0000 O   0  0  0  0  0  0  0  0  0  0  0
  1  2  1  0
  2  3  2  0
  2  4  1  0
  4  5  1  0
  5  6  1  0
  5 10  2  0
  6  7  2  0
  7  8  1  0
  8  9  2  0
  9 10  1  0
 10 11  1  0
 11 12  1  0
 11 13  2  0
M  END

> <StdInChI>
InChI=1S/C9H8O4/c1-6(10)13-8-5-3-2-4-7(8)9(11)12/h2-5H,1H3,(H,11,12)

> <StdInChIKey>
BSYNRYMUTXBXSQ-UHFFFAOYSA-N

> <AuxInfo>
1/1/N:1,8,7,9,6,2,10,5,11,3,12,13,4/E:(11,12)/rA:13nCCOOCCCCCCCOO/rB:s1;d2;s2;s4;s5;d6;s7;d8;d5s9;s10;s11;d11;/rC:5.982,-4.6062,0;5.318,-3.4576,0;5.982,-2.3031,0;3.99,-3.4576,0;3.326,-2.3031,0;3.99,-1.1545,0;3.326,0,0;1.992,0,0;1.328,-1.1545,0;1.992,-2.3031,0;1.328,-3.4576,0;0,-3.4576,0;1.992,-4.6062,0;

> <Formula>
C9 H8 O4

> <Mw>
180.1574

> <SMILES>
CC(OC1=C(C(=O)O)C=CC=C1)=O

> <CSID>
2157

$$$$
