buckytube
  WLViewer          3D                             0

586864  0  0  0  0  0  0  0  0999 V2000
    5.4724    0.0000    0.0000 C   0  0  0  0  0  0  0  0  0  1
    5.3352    1.2177   -0.7075 C   0  0  0  0  0  0  0  0  0  2
    4.9304    2.3744    0.0000 C   0  0  0  0  0  0  0  0  0  3
    4.2785    3.4120   -0.7075 C   0  0  0  0  0  0  0  0  0  4
    3.4120    4.2785    0.0000 C   0  0  0  0  0  0  0  0  0  5
    2.3744    4.9304   -0.7075 C   0  0  0  0  0  0  0  0  0  6
    1.2177    5.3352    0.0000 C   0  0  0  0  0  0  0  0  0  7
    0.0000    5.4724   -0.7075 C   0  0  0  0  0  0  0  0  0  8
   -1.2177    5.3352    0.0000 C   0  0  0  0  0  0  0  0  0  9
   -2.3744    4.9304   -0.7075 C   0  0  0  0  0  0  0  0  0 10
   -3.4120    4.2785    0.0000 C   0  0  0  0  0  0  0  0  0 11
   -4.2785    3.4120   -0.7075 C   0  0  0  0  0  0  0  0  0 12
   -4.9304    2.3744    0.0000 C   0  0  0  0  0  0  0  0  0 13
   -5.3352    1.2177   -0.7075 C   0  0  0  0  0  0  0  0  0 14
   -5.4724    0.0000    0.0000 C   0  0  0  0  0  0  0  0  0 15
   -5.3352   -1.2177   -0.7075 C   0  0  0  0  0  0  0  0  0 16
   -4.9304   -2.3744    0.0000 C   0  0  0  0  0  0  0  0  0 17
   -4.2785   -3.4120   -0.7075 C   0  0  0  0  0  0  0  0  0 18
   -3.4120   -4.2785    0.0000 C   0  0  0  0  0  0  0  0  0 19
   -2.3744   -4.9304   -0.7075 C   0  0  0  0  0  0  0  0  0 20
   -1.2177   -5.3352    0.0000 C   0  0  0  0  0  0  0  0  0 21
    0.0000   -5.4724   -0.7075 C   0  0  0  0  0  0  0  0  0 22
    1.2177   -5.3352    0.0000 C   0  0  0  0  0  0  0  0  0 23
    2.3744   -4.9304   -0.7075 C   0  0  0  0  0  0  0  0  0 24
    3.4120   -4.2785    0.0000 C   0  0  0  0  0  0  0  0  0 25
    4.2785   -3.4120   -0.7075 C   0  0  0  0  0  0  0  0  0 26
    4.9304   -2.3744    0.0000 C   0  0  0  0  0  0  0  0  0 27
    5.3352   -1.2177   -0.7075 C   0  0  0  0  0  0  0  0  0 28
    5.4724    0.0000    1.4150 C   0  0  0  0  0  0  0  0  0 29
    5.3352    1.2177    2.1225 C   0  0  0  0  0  0  0  0  0 30
    4.9304    2.3744    1.4150 C   0  0  0  0  0  0  0  0  0 31
    4.2785    3.4120    2.1225 C   0  0  0  0  0  0  0  0  0 32
    3.4120    4.2785    1.4150 C   0  0  0  0  0  0  0  0  0 33
    2.3744    4.9304    2.1225 C   0  0  0  0  0  0  0  0  0 34
    1.2177    5.3352    1.4150 C   0  0  0  0  0  0  0  0  0 35
    0.0000    5.4724    2.1225 C   0  0  0  0  0  0  0  0  0 36
   -1.2177    5.3352    1.4150 C   0  0  0  0  0  0  0  0  0 37
   -2.3744    4.9304    2.1225 C   0  0  0  0  0  0  0  0  0 38
   -3.4120    4.2785    1.4150 C   0  0  0  0  0  0  0  0  0 39
   -4.2785    3.4120    2.1225 C   0  0  0  0  0  0  0  0  0 40
   -4.9304    2.3744    1.4150 C   0  0  0  0  0  0  0  0  0 41
   -5.3352    1.2177    2.1225 C   0  0  0  0  0  0  0  0  0 42
   -5.4724    0.0000    1.4150 C   0  0  0  0  0  0  0  0  0 43
   -5.3352   -1.2177    2.1225 C   0  0  0  0  0  0  0  0  0 44
   -4.9304   -2.3744    1.4150 C   0  0  0  0  0  0  0  0  0 45
   -4.2785   -3.4120    2.1225 C   0  0  0  0  0  0  0  0  0 46
   -3.4120   -4.2785    1.4150 C   0  0  0  0  0  0  0  0  0 47
   -2.3744   -4.9304    2.1225 C   0  0  0  0  0  0  0  0  0 48
   -1.2177   -5.3352    1.4150 C   0  0  0  0  0  0  0  0  0 49
    0.0000   -5.4724    2.1225 C   0  0  0  0  0  0  0  0  0 50
    1.2177   -5.3352    1.4150 C   0  0  0  0  0  0  0  0  0 51
    2.3744   -4.9304    2.1225 C   0  0  0  0  0  0  0  0  0 52
    3.4120   -4.2785    1.4150 C   0  0  0  0  0  0  0  0  0 53
    4.2785   -3.4120    2.1225 C   0  0  0  0  0  0  0  0  0 54
    4.9304   -2.3744    1.4150 C   0  0  0  0  0  0  0  0  0 55
    5.3352   -1.2177    2.1225 C   0  0  0  0  0  0  0  0  0 56
    5.4724    0.0000    4.2450 C   0  0  0  0  0  0  0  0  0 57
    5.3352    1.2177    3.5375 C   0  0  0  0  0  0  0  0  0 58
    4.9304    2.3744    4.2450 C   0  0  0  0  0  0  0  0  0 59
    4.2785    3.4120    3.5375 C   0  0  0  0  0  0  0  0  0 60
    3.4120    4.2785    4.2450 C   0  0  0  0  0  0  0  0  0 61
    2.3744    4.9304    3.5375 C   0  0  0  0  0  0  0  0  0 62
    1.2177    5.3352    4.2450 C   0  0  0  0  0  0  0  0  0 63
    0.0000    5.4724    3.5375 C   0  0  0  0  0  0  0  0  0 64
   -1.2177    5.3352    4.2450 C   0  0  0  0  0  0  0  0  0 65
   -2.3744    4.9304    3.5375 C   0  0  0  0  0  0  0  0  0 66
   -3.4120    4.2785    4.2450 C   0  0  0  0  0  0  0  0  0 67
   -4.2785    3.4120    3.5375 C   0  0  0  0  0  0  0  0  0 68
   -4.9304    2.3744    4.2450 C   0  0  0  0  0  0  0  0  0 69
   -5.3352    1.2177    3.5375 C   0  0  0  0  0  0  0  0  0 70
   -5.4724    0.0000    4.2450 C   0  0  0  0  0  0  0  0  0 71
   -5.3352   -1.2177    3.5375 C   0  0  0  0  0  0  0  0  0 72
   -4.9304   -2.3744    4.2450 C   0  0  0  0  0  0  0  0  0 73
   -4.2785   -3.4120    3.5375 C   0  0  0  0  0  0  0  0  0 74
   -3.4120   -4.2785    4.2450 C   0  0  0  0  0  0  0  0  0 75
   -2.3744   -4.9304    3.5375 C   0  0  0  0  0  0  0  0  0 76
   -1.2177   -5.3352    4.2450 C   0  0  0  0  0  0  0  0  0 77
    0.0000   -5.4724    3.5375 C   0  0  0  0  0  0  0  0  0 78
    1.2177   -5.3352    4.2450 C   0  0  0  0  0  0  0  0  0 79
    2.3744   -4.9304    3.5375 C   0  0  0  0  0  0  0  0  0 80
    3.4120   -4.2785    4.2450 C   0  0  0  0  0  0  0  0  0 81
    4.2785   -3.4120    3.5375 C   0  0  0  0  0  0  0  0  0 82
    4.9304   -2.3744    4.2450 C   0  0  0  0  0  0  0  0  0 83
    5.3352   -1.2177    3.5375 C   0  0  0  0  0  0  0  0  0 84
    5.4724    0.0000    5.6600 C   0  0  0  0  0  0  0  0  0 85
    5.3352    1.2177    6.3675 C   0  0  0  0  0  0  0  0  0 86
    4.9304    2.3744    5.6600 C   0  0  0  0  0  0  0  0  0 87
    4.2785    3.4120    6.3675 C   0  0  0  0  0  0  0  0  0 88
    3.4120    4.2785    5.6600 C   0  0  0  0  0  0  0  0  0 89
    2.3744    4.9304    6.3675 C   0  0  0  0  0  0  0  0  0 90
    1.2177    5.3352    5.6600 C   0  0  0  0  0  0  0  0  0 91
    0.0000    5.4724    6.3675 C   0  0  0  0  0  0  0  0  0 92
   -1.2177    5.3352    5.6600 C   0  0  0  0  0  0  0  0  0 93
   -2.3744    4.9304    6.3675 C   0  0  0  0  0  0  0  0  0 94
   -3.4120    4.2785    5.6600 C   0  0  0  0  0  0  0  0  0 95
   -4.2785    3.4120    6.3675 C   0  0  0  0  0  0  0  0  0 96
   -4.9304    2.3744    5.6600 C   0  0  0  0  0  0  0  0  0 97
   -5.3352    1.2177    6.3675 C   0  0  0  0  0  0  0  0  0 98
   -5.4724    0.0000    5.6600 C   0  0  0  0  0  0  0  0  0 99
   -5.3352   -1.2177    6.3675 C   0  0  0  0  0  0  0  0  0100
   -4.9304   -2.3744    5.6600 C   0  0  0  0  0  0  0  0  0101
   -4.2785   -3.4120    6.3675 C   0  0  0  0  0  0  0  0  0102
   -3.4120   -4.2785    5.6600 C   0  0  0  0  0  0  0  0  0103
   -2.3744   -4.9304    6.3675 C   0  0  0  0  0  0  0  0  0104
   -1.2177   -5.3352    5.6600 C   0  0  0  0  0  0  0  0  0105
    0.0000   -5.4724    6.3675 C   0  0  0  0  0  0  0  0  0106
    1.2177   -5.3352    5.6600 C   0  0  0  0  0  0  0  0  0107
    2.3744   -4.9304    6.3675 C   0  0  0  0  0  0  0  0  0108
    3.4120   -4.2785    5.6600 C   0  0  0  0  0  0  0  0  0109
    4.2785   -3.4120    6.3675 C   0  0  0  0  0  0  0  0  0110
    4.9304   -2.3744    5.6600 C   0  0  0  0  0  0  0  0  0111
    5.3352   -1.2177    6.3675 C   0  0  0  0  0  0  0  0  0112
    5.4724    0.0000    8.4900 C   0  0  0  0  0  0  0  0  0113
    5.3352    1.2177    7.7825 C   0  0  0  0  0  0  0  0  0114
    4.9304    2.3744    8.4900 C   0  0  0  0  0  0  0  0  0115
    4.2785    3.4120    7.7825 C   0  0  0  0  0  0  0  0  0116
    3.4120    4.2785    8.4900 C   0  0  0  0  0  0  0  0  0117
    2.3744    4.9304    7.7825 C   0  0  0  0  0  0  0  0  0118
    1.2177    5.3352    8.4900 C   0  0  0  0  0  0  0  0  0119
    0.0000    5.4724    7.7825 C   0  0  0  0  0  0  0  0  0120
   -1.2177    5.3352    8.4900 C   0  0  0  0  0  0  0  0  0121
   -2.3744    4.9304    7.7825 C   0  0  0  0  0  0  0  0  0122
   -3.4120    4.2785    8.4900 C   0  0  0  0  0  0  0  0  0123
   -4.2785    3.4120    7.7825 C   0  0  0  0  0  0  0  0  0124
   -4.9304    2.3744    8.4900 C   0  0  0  0  0  0  0  0  0125
   -5.3352    1.2177    7.7825 C   0  0  0  0  0  0  0  0  0126
   -5.4724    0.0000    8.4900 C   0  0  0  0  0  0  0  0  0127
   -5.3352   -1.2177    7.7825 C   0  0  0  0  0  0  0  0  0128
   -4.9304   -2.3744    8.4900 C   0  0  0  0  0  0  0  0  0129
   -4.2785   -3.4120    7.7825 C   0  0  0  0  0  0  0  0  0130
   -3.4120   -4.2785    8.4900 C   0  0  0  0  0  0  0  0  0131
   -2.3744   -4.9304    7.7825 C   0  0  0  0  0  0  0  0  0132
   -1.2177   -5.3352    8.4900 C   0  0  0  0  0  0  0  0  0133
    0.0000   -5.4724    7.7825 C   0  0  0  0  0  0  0  0  0134
    1.2177   -5.3352    8.4900 C   0  0  0  0  0  0  0  0  0135
    2.3744   -4.9304    7.7825 C   0  0  0  0  0  0  0  0  0136
    3.4120   -4.2785    8.4900 C   0  0  0  0  0  0  0  0  0137
    4.2785   -3.4120    7.7825 C   0  0  0  0  0  0  0  0  0138
    4.9304   -2.3744    8.4900 C   0  0  0  0  0  0  0  0  0139
    5.3352   -1.2177    7.7825 C   0  0  0  0  0  0  0  0  0140
    5.4724    0.0000    9.9050 C   0  0  0  0  0  0  0  0  0141
    5.3352    1.2177   10.6125 C   0  0  0  0  0  0  0  0  0142
    4.9304    2.3744    9.9050 C   0  0  0  0  0  0  0  0  0143
    4.2785    3.4120   10.6125 C   0  0  0  0  0  0  0  0  0144
    3.4120    4.2785    9.9050 C   0  0  0  0  0  0  0  0  0145
    2.3744    4.9304   10.6125 C   0  0  0  0  0  0  0  0  0146
    1.2177    5.3352    9.9050 C   0  0  0  0  0  0  0  0  0147
    0.0000    5.4724   10.6125 C   0  0  0  0  0  0  0  0  0148
   -1.2177    5.3352    9.9050 C   0  0  0  0  0  0  0  0  0149
   -2.3744    4.9304   10.6125 C   0  0  0  0  0  0  0  0  0150
   -3.4120    4.2785    9.9050 C   0  0  0  0  0  0  0  0  0151
   -4.2785    3.4120   10.6125 C   0  0  0  0  0  0  0  0  0152
   -4.9304    2.3744    9.9050 C   0  0  0  0  0  0  0  0  0153
   -5.3352    1.2177   10.6125 C   0  0  0  0  0  0  0  0  0154
   -5.4724    0.0000    9.9050 C   0  0  0  0  0  0  0  0  0155
   -5.3352   -1.2177   10.6125 C   0  0  0  0  0  0  0  0  0156
   -4.9304   -2.3744    9.9050 C   0  0  0  0  0  0  0  0  0157
   -4.2785   -3.4120   10.6125 C   0  0  0  0  0  0  0  0  0158
   -3.4120   -4.2785    9.9050 C   0  0  0  0  0  0  0  0  0159
   -2.3744   -4.9304   10.6125 C   0  0  0  0  0  0  0  0  0160
   -1.2177   -5.3352    9.9050 C   0  0  0  0  0  0  0  0  0161
    0.0000   -5.4724   10.6125 C   0  0  0  0  0  0  0  0  0162
    1.2177   -5.3352    9.9050 C   0  0  0  0  0  0  0  0  0163
    2.3744   -4.9304   10.6125 C   0  0  0  0  0  0  0  0  0164
    3.4120   -4.2785    9.9050 C   0  0  0  0  0  0  0  0  0165
    4.2785   -3.4120   10.6125 C   0  0  0  0  0  0  0  0  0166
    4.9304   -2.3744    9.9050 C   0  0  0  0  0  0  0  0  0167
    5.3352   -1.2177   10.6125 C   0  0  0  0  0  0  0  0  0168
    5.4724    0.0000   12.7350 C   0  0  0  0  0  0  0  0  0169
    5.3352    1.2177   12.0275 C   0  0  0  0  0  0  0  0  0170
    4.9304    2.3744   12.7350 C   0  0  0  0  0  0  0  0  0171
    4.2785    3.4120   12.0275 C   0  0  0  0  0  0  0  0  0172
    3.4120    4.2785   12.7350 C   0  0  0  0  0  0  0  0  0173
    2.3744    4.9304   12.0275 C   0  0  0  0  0  0  0  0  0174
    1.2177    5.3352   12.7350 C   0  0  0  0  0  0  0  0  0175
    0.0000    5.4724   12.0275 C   0  0  0  0  0  0  0  0  0176
   -1.2177    5.3352   12.7350 C   0  0  0  0  0  0  0  0  0177
   -2.3744    4.9304   12.0275 C   0  0  0  0  0  0  0  0  0178
   -3.4120    4.2785   12.7350 C   0  0  0  0  0  0  0  0  0179
   -4.2785    3.4120   12.0275 C   0  0  0  0  0  0  0  0  0180
   -4.9304    2.3744   12.7350 C   0  0  0  0  0  0  0  0  0181
   -5.3352    1.2177   12.0275 C   0  0  0  0  0  0  0  0  0182
   -5.4724    0.0000   12.7350 C   0  0  0  0  0  0  0  0  0183
   -5.3352   -1.2177   12.0275 C   0  0  0  0  0  0  0  0  0184
   -4.9304   -2.3744   12.7350 C   0  0  0  0  0  0  0  0  0185
   -4.2785   -3.4120   12.0275 C   0  0  0  0  0  0  0  0  0186
   -3.4120   -4.2785   12.7350 C   0  0  0  0  0  0  0  0  0187
   -2.3744   -4.9304   12.0275 C   0  0  0  0  0  0  0  0  0188
   -1.2177   -5.3352   12.7350 C   0  0  0  0  0  0  0  0  0189
    0.0000   -5.4724   12.0275 C   0  0  0  0  0  0  0  0  0190
    1.2177   -5.3352   12.7350 C   0  0  0  0  0  0  0  0  0191
    2.3744   -4.9304   12.0275 C   0  0  0  0  0  0  0  0  0192
    3.4120   -4.2785   12.7350 C   0  0  0  0  0  0  0  0  0193
    4.2785   -3.4120   12.0275 C   0  0  0  0  0  0  0  0  0194
    4.9304   -2.3744   12.7350 C   0  0  0  0  0  0  0  0  0195
    5.3352   -1.2177   12.0275 C   0  0  0  0  0  0  0  0  0196
    5.4724    0.0000   14.1500 C   0  0  0  0  0  0  0  0  0197
    5.3352    1.2177   14.8575 C   0  0  0  0  0  0  0  0  0198
    4.9304    2.3744   14.1500 C   0  0  0  0  0  0  0  0  0199
    4.2785    3.4120   14.8575 C   0  0  0  0  0  0  0  0  0200
    3.4120    4.2785   14.1500 C   0  0  0  0  0  0  0  0  0201
    2.3744    4.9304   14.8575 C   0  0  0  0  0  0  0  0  0202
    1.2177    5.3352   14.1500 C   0  0  0  0  0  0  0  0  0203
    0.0000    5.4724   14.8575 C   0  0  0  0  0  0  0  0  0204
   -1.2177    5.3352   14.1500 C   0  0  0  0  0  0  0  0  0205
   -2.3744    4.9304   14.8575 C   0  0  0  0  0  0  0  0  0206
   -3.4120    4.2785   14.1500 C   0  0  0  0  0  0  0  0  0207
   -4.2785    3.4120   14.8575 C   0  0  0  0  0  0  0  0  0208
   -4.9304    2.3744   14.1500 C   0  0  0  0  0  0  0  0  0209
   -5.3352    1.2177   14.8575 C   0  0  0  0  0  0  0  0  0210
   -5.4724    0.0000   14.1500 C   0  0  0  0  0  0  0  0  0211
   -5.3352   -1.2177   14.8575 C   0  0  0  0  0  0  0  0  0212
   -4.9304   -2.3744   14.1500 C   0  0  0  0  0  0  0  0  0213
   -4.2785   -3.4120   14.8575 C   0  0  0  0  0  0  0  0  0214
   -3.4120   -4.2785   14.1500 C   0  0  0  0  0  0  0  0  0215
   -2.3744   -4.9304   14.8575 C   0  0  0  0  0  0  0  0  0216
   -1.2177   -5.3352   14.1500 C   0  0  0  0  0  0  0  0  0217
    0.0000   -5.4724   14.8575 C   0  0  0  0  0  0  0  0  0218
    1.2177   -5.3352   14.1500 C   0  0  0  0  0  0  0  0  0219
    2.3744   -4.9304   14.8575 C   0  0  0  0  0  0  0  0  0220
    3.4120   -4.2785   14.1500 C   0  0  0  0  0  0  0  0  0221
    4.2785   -3.4120   14.8575 C   0  0  0  0  0  0  0  0  0222
    4.9304   -2.3744   14.1500 C   0  0  0  0  0  0  0  0  0223
    5.3352   -1.2177   14.8575 C   0  0  0  0  0  0  0  0  0224
    5.4724    0.0000   16.9800 C   0  0  0  0  0  0  0  0  0225
    5.3352    1.2177   16.2725 C   0  0  0  0  0  0  0  0  0226
    4.9304    2.3744   16.9800 C   0  0  0  0  0  0  0  0  0227
    4.2785    3.4120   16.2725 C   0  0  0  0  0  0  0  0  0228
    3.4120    4.2785   16.9800 C   0  0  0  0  0  0  0  0  0229
    2.3744    4.9304   16.2725 C   0  0  0  0  0  0  0  0  0230
    1.2177    5.3352   16.9800 C   0  0  0  0  0  0  0  0  0231
    0.0000    5.4724   16.2725 C   0  0  0  0  0  0  0  0  0232
   -1.2177    5.3352   16.9800 C   0  0  0  0  0  0  0  0  0233
   -2.3744    4.9304   16.2725 C   0  0  0  0  0  0  0  0  0234
   -3.4120    4.2785   16.9800 C   0  0  0  0  0  0  0  0  0235
   -4.2785    3.4120   16.2725 C   0  0  0  0  0  0  0  0  0236
   -4.9304    2.3744   16.9800 C   0  0  0  0  0  0  0  0  0237
   -5.3352    1.2177   16.2725 C   0  0  0  0  0  0  0  0  0238
   -5.4724    0.0000   16.9800 C   0  0  0  0  0  0  0  0  0239
   -5.3352   -1.2177   16.2725 C   0  0  0  0  0  0  0  0  0240
   -4.9304   -2.3744   16.9800 C   0  0  0  0  0  0  0  0  0241
   -4.2785   -3.4120   16.2725 C   0  0  0  0  0  0  0  0  0242
   -3.4120   -4.2785   16.9800 C   0  0  0  0  0  0  0  0  0243
   -2.3744   -4.9304   16.2725 C   0  0  0  0  0  0  0  0  0244
   -1.2177   -5.3352   16.9800 C   0  0  0  0  0  0  0  0  0245
    0.0000   -5.4724   16.2725 C   0  0  0  0  0  0  0  0  0246
    1.2177   -5.3352   16.9800 C   0  0  0  0  0  0  0  0  0247
    2.3744   -4.9304   16.2725 C   0  0  0  0  0  0  0  0  0248
    3.4120   -4.2785   16.9800 C   0  0  0  0  0  0  0  0  0249
    4.2785   -3.4120   16.2725 C   0  0  0  0  0  0  0  0  0250
    4.9304   -2.3744   16.9800 C   0  0  0  0  0  0  0  0  0251
    5.3352   -1.2177   16.2725 C   0  0  0  0  0  0  0  0  0252
    5.4724    0.0000   18.3950 C   0  0  0  0  0  0  0  0  0253
    5.3352    1.2177   19.1025 C   0  0  0  0  0  0  0  0  0254
    4.9304    2.3744   18.3950 C   0  0  0  0  0  0  0  0  0255
    4.2785    3.4120   19.1025 C   0  0  0  0  0  0  0  0  0256
    3.4120    4.2785   18.3950 C   0  0  0  0  0  0  0  0  0257
    2.3744    4.9304   19.1025 C   0  0  0  0  0  0  0  0  0258
    1.2177    5.3352   18.3950 C   0  0  0  0  0  0  0  0  0259
    0.0000    5.4724   19.1025 C   0  0  0  0  0  0  0  0  0260
   -1.2177    5.3352   18.3950 C   0  0  0  0  0  0  0  0  0261
   -2.3744    4.9304   19.1025 C   0  0  0  0  0  0  0  0  0262
   -3.4120    4.2785   18.3950 C   0  0  0  0  0  0  0  0  0263
   -4.2785    3.4120   19.1025 C   0  0  0  0  0  0  0  0  0264
   -4.9304    2.3744   18.3950 C   0  0  0  0  0  0  0  0  0265
   -5.3352    1.2177   19.1025 C   0  0  0  0  0  0  0  0  0266
   -5.4724    0.0000   18.3950 C   0  0  0  0  0  0  0  0  0267
   -5.3352   -1.2177   19.1025 C   0  0  0  0  0  0  0  0  0268
   -4.9304   -2.3744   18.3950 C   0  0  0  0  0  0  0  0  0269
   -4.2785   -3.4120   19.1025 C   0  0  0  0  0  0  0  0  0270
   -3.4120   -4.2785   18.3950 C   0  0  0  0  0  0  0  0  0271
   -2.3744   -4.9304   19.1025 C   0  0  0  0  0  0  0  0  0272
   -1.2177   -5.3352   18.3950 C   0  0  0  0  0  0  0  0  0273
    0.0000   -5.4724   19.1025 C   0  0  0  0  0  0  0  0  0274
    1.2177   -5.3352   18.3950 C   0  0  0  0  0  0  0  0  0275
    2.3744   -4.9304   19.1025 C   0  0  0  0  0  0  0  0  0276
    3.4120   -4.2785   18.3950 C   0  0  0  0  0  0  0  0  0277
    4.2785   -3.4120   19.1025 C   0  0  0  0  0  0  0  0  0278
    4.9304   -2.3744   18.3950 C   0  0  0  0  0  0  0  0  0279
    5.3352   -1.2177   19.1025 C   0  0  0  0  0  0  0  0  0280
    5.4724    0.0000   21.2250 C   0  0  0  0  0  0  0  0  0281
    5.3352    1.2177   20.5175 C   0  0  0  0  0  0  0  0  0282
    4.9304    2.3744   21.2250 C   0  0  0  0  0  0  0  0  0283
    4.2785    3.4120   20.5175 C   0  0  0  0  0  0  0  0  0284
    3.4120    4.2785   21.2250 C   0  0  0  0  0  0  0  0  0285
    2.3744    4.9304   20.5175 C   0  0  0  0  0  0  0  0  0286
    1.2177    5.3352   21.2250 C   0  0  0  0  0  0  0  0  0287
    0.0000    5.4724   20.5175 C   0  0  0  0  0  0  0  0  0288
   -1.2177    5.3352   21.2250 C   0  0  0  0  0  0  0  0  0289
   -2.3744    4.9304   20.5175 C   0  0  0  0  0  0  0  0  0290
   -3.4120    4.2785   21.2250 C   0  0  0  0  0  0  0  0  0291
   -4.2785    3.4120   20.5175 C   0  0  0  0  0  0  0  0  0292
   -4.9304    2.3744   21.2250 C   0  0  0  0  0  0  0  0  0293
   -5.3352    1.2177   20.5175 C   0  0  0  0  0  0  0  0  0294
   -5.4724    0.0000   21.2250 C   0  0  0  0  0  0  0  0  0295
   -5.3352   -1.2177   20.5175 C   0  0  0  0  0  0  0  0  0296
   -4.9304   -2.3744   21.2250 C   0  0  0  0  0  0  0  0  0297
   -4.2785   -3.4120   20.5175 C   0  0  0  0  0  0  0  0  0298
   -3.4120   -4.2785   21.2250 C   0  0  0  0  0  0  0  0  0299
   -2.3744   -4.9304   20.5175 C   0  0  0  0  0  0  0  0  0300
   -1.2177   -5.3352   21.2250 C   0  0  0  0  0  0  0  0  0301
    0.0000   -5.4724   20.5175 C   0  0  0  0  0  0  0  0  0302
    1.2177   -5.3352   21.2250 C   0  0  0  0  0  0  0  0  0303
    2.3744   -4.9304   20.5175 C   0  0  0  0  0  0  0  0  0304
    3.4120   -4.2785   21.2250 C   0  0  0  0  0  0  0  0  0305
    4.2785   -3.4120   20.5175 C   0  0  0  0  0  0  0  0  0306
    4.9304   -2.3744   21.2250 C   0  0  0  0  0  0  0  0  0307
    5.3352   -1.2177   20.5175 C   0  0  0  0  0  0  0  0  0308
    5.4724    0.0000   22.6400 C   0  0  0  0  0  0  0  0  0309
    5.3352    1.2177   23.3475 C   0  0  0  0  0  0  0  0  0310
    4.9304    2.3744   22.6400 C   0  0  0  0  0  0  0  0  0311
    4.2785    3.4120   23.3475 C   0  0  0  0  0  0  0  0  0312
    3.4120    4.2785   22.6400 C   0  0  0  0  0  0  0  0  0313
    2.3744    4.9304   23.3475 C   0  0  0  0  0  0  0  0  0314
    1.2177    5.3352   22.6400 C   0  0  0  0  0  0  0  0  0315
    0.0000    5.4724   23.3475 C   0  0  0  0  0  0  0  0  0316
   -1.2177    5.3352   22.6400 C   0  0  0  0  0  0  0  0  0317
   -2.3744    4.9304   23.3475 C   0  0  0  0  0  0  0  0  0318
   -3.4120    4.2785   22.6400 C   0  0  0  0  0  0  0  0  0319
   -4.2785    3.4120   23.3475 C   0  0  0  0  0  0  0  0  0320
   -4.9304    2.3744   22.6400 C   0  0  0  0  0  0  0  0  0321
   -5.3352    1.2177   23.3475 C   0  0  0  0  0  0  0  0  0322
   -5.4724    0.0000   22.6400 C   0  0  0  0  0  0  0  0  0323
   -5.3352   -1.2177   23.3475 C   0  0  0  0  0  0  0  0  0324
   -4.9304   -2.3744   22.6400 C   0  0  0  0  0  0  0  0  0325
   -4.2785   -3.4120   23.3475 C   0  0  0  0  0  0  0  0  0326
   -3.4120   -4.2785   22.6400 C   0  0  0  0  0  0  0  0  0327
   -2.3744   -4.9304   23.3475 C   0  0  0  0  0  0  0  0  0328
   -1.2177   -5.3352   22.6400 C   0  0  0  0  0  0  0  0  0329
    0.0000   -5.4724   23.3475 C   0  0  0  0  0  0  0  0  0330
    1.2177   -5.3352   22.6400 C   0  0  0  0  0  0  0  0  0331
    2.3744   -4.9304   23.3475 C   0  0  0  0  0  0  0  0  0332
    3.4120   -4.2785   22.6400 C   0  0  0  0  0  0  0  0  0333
    4.2785   -3.4120   23.3475 C   0  0  0  0  0  0  0  0  0334
    4.9304   -2.3744   22.6400 C   0  0  0  0  0  0  0  0  0335
    5.3352   -1.2177   23.3475 C   0  0  0  0  0  0  0  0  0336
    5.4724    0.0000   25.4700 C   0  0  0  0  0  0  0  0  0337
    5.3352    1.2177   24.7625 C   0  0  0  0  0  0  0  0  0338
    4.9304    2.3744   25.4700 C   0  0  0  0  0  0  0  0  0339
    4.2785    3.4120   24.7625 C   0  0  0  0  0  0  0  0  0340
    3.4120    4.2785   25.4700 C   0  0  0  0  0  0  0  0  0341
    2.3744    4.9304   24.7625 C   0  0  0  0  0  0  0  0  0342
    1.2177    5.3352   25.4700 C   0  0  0  0  0  0  0  0  0343
    0.0000    5.4724   24.7625 C   0  0  0  0  0  0  0  0  0344
   -1.2177    5.3352   25.4700 C   0  0  0  0  0  0  0  0  0345
   -2.3744    4.9304   24.7625 C   0  0  0  0  0  0  0  0  0346
   -3.4120    4.2785   25.4700 C   0  0  0  0  0  0  0  0  0347
   -4.2785    3.4120   24.7625 C   0  0  0  0  0  0  0  0  0348
   -4.9304    2.3744   25.4700 C   0  0  0  0  0  0  0  0  0349
   -5.3352    1.2177   24.7625 C   0  0  0  0  0  0  0  0  0350
   -5.4724    0.0000   25.4700 C   0  0  0  0  0  0  0  0  0351
   -5.3352   -1.2177   24.7625 C   0  0  0  0  0  0  0  0  0352
   -4.9304   -2.3744   25.4700 C   0  0  0  0  0  0  0  0  0353
   -4.2785   -3.4120   24.7625 C   0  0  0  0  0  0  0  0  0354
   -3.4120   -4.2785   25.4700 C   0  0  0  0  0  0  0  0  0355
   -2.3744   -4.9304   24.7625 C   0  0  0  0  0  0  0  0  0356
   -1.2177   -5.3352   25.4700 C   0  0  0  0  0  0  0  0  0357
    0.0000   -5.4724   24.7625 C   0  0  0  0  0  0  0  0  0358
    1.2177   -5.3352   25.4700 C   0  0  0  0  0  0  0  0  0359
    2.3744   -4.9304   24.7625 C   0  0  0  0  0  0  0  0  0360
    3.4120   -4.2785   25.4700 C   0  0  0  0  0  0  0  0  0361
    4.2785   -3.4120   24.7625 C   0  0  0  0  0  0  0  0  0362
    4.9304   -2.3744   25.4700 C   0  0  0  0  0  0  0  0  0363
    5.3352   -1.2177   24.7625 C   0  0  0  0  0  0  0  0  0364
    5.4724    0.0000   26.8850 C   0  0  0  0  0  0  0  0  0365
    5.3352    1.2177   27.5925 C   0  0  0  0  0  0  0  0  0366
    4.9304    2.3744   26.8850 C   0  0  0  0  0  0  0  0  0367
    4.2785    3.4120   27.5925 C   0  0  0  0  0  0  0  0  0368
    3.4120    4.2785   26.8850 C   0  0  0  0  0  0  0  0  0369
    2.3744    4.9304   27.5925 C   0  0  0  0  0  0  0  0  0370
    1.2177    5.3352   26.8850 C   0  0  0  0  0  0  0  0  0371
    0.0000    5.4724   27.5925 C   0  0  0  0  0  0  0  0  0372
   -1.2177    5.3352   26.8850 C   0  0  0  0  0  0  0  0  0373
   -2.3744    4.9304   27.5925 C   0  0  0  0  0  0  0  0  0374
   -3.4120    4.2785   26.8850 C   0  0  0  0  0  0  0  0  0375
   -4.2785    3.4120   27.5925 C   0  0  0  0  0  0  0  0  0376
   -4.9304    2.3744   26.8850 C   0  0  0  0  0  0  0  0  0377
   -5.3352    1.2177   27.5925 C   0  0  0  0  0  0  0  0  0378
   -5.4724    0.0000   26.8850 C   0  0  0  0  0  0  0  0  0379
   -5.3352   -1.2177   27.5925 C   0  0  0  0  0  0  0  0  0380
   -4.9304   -2.3744   26.8850 C   0  0  0  0  0  0  0  0  0381
   -4.2785   -3.4120   27.5925 C   0  0  0  0  0  0  0  0  0382
   -3.4120   -4.2785   26.8850 C   0  0  0  0  0  0  0  0  0383
   -2.3744   -4.9304   27.5925 C   0  0  0  0  0  0  0  0  0384
   -1.2177   -5.3352   26.8850 C   0  0  0  0  0  0  0  0  0385
    0.0000   -5.4724   27.5925 C   0  0  0  0  0  0  0  0  0386
    1.2177   -5.3352   26.8850 C   0  0  0  0  0  0  0  0  0387
    2.3744   -4.9304   27.5925 C   0  0  0  0  0  0  0  0  0388
    3.4120   -4.2785   26.8850 C   0  0  0  0  0  0  0  0  0389
    4.2785   -3.4120   27.5925 C   0  0  0  0  0  0  0  0  0390
    4.9304   -2.3744   26.8850 C   0  0  0  0  0  0  0  0  0391
    5.3352   -1.2177   27.5925 C   0  0  0  0  0  0  0  0  0392
    5.4724    0.0000   29.7150 C   0  0  0  0  0  0  0  0  0393
    5.3352    1.2177   29.0075 C   0  0  0  0  0  0  0  0  0394
    4.9304    2.3744   29.7150 C   0  0  0  0  0  0  0  0  0395
    4.2785    3.4120   29.0075 C   0  0  0  0  0  0  0  0  0396
    3.4120    4.2785   29.7150 C   0  0  0  0  0  0  0  0  0397
    2.3744    4.9304   29.0075 C   0  0  0  0  0  0  0  0  0398
    1.2177    5.3352   29.7150 C   0  0  0  0  0  0  0  0  0399
    0.0000    5.4724   29.0075 C   0  0  0  0  0  0  0  0  0400
   -1.2177    5.3352   29.7150 C   0  0  0  0  0  0  0  0  0401
   -2.3744    4.9304   29.0075 C   0  0  0  0  0  0  0  0  0402
   -3.4120    4.2785   29.7150 C   0  0  0  0  0  0  0  0  0403
   -4.2785    3.4120   29.0075 C   0  0  0  0  0  0  0  0  0404
   -4.9304    2.3744   29.7150 C   0  0  0  0  0  0  0  0  0405
   -5.3352    1.2177   29.0075 C   0  0  0  0  0  0  0  0  0406
   -5.4724    0.0000   29.7150 C   0  0  0  0  0  0  0  0  0407
   -5.3352   -1.2177   29.0075 C   0  0  0  0  0  0  0  0  0408
   -4.9304   -2.3744   29.7150 C   0  0  0  0  0  0  0  0  0409
   -4.2785   -3.4120   29.0075 C   0  0  0  0  0  0  0  0  0410
   -3.4120   -4.2785   29.7150 C   0  0  0  0  0  0  0  0  0411
   -2.3744   -4.9304   29.0075 C   0  0  0  0  0  0  0  0  0412
   -1.2177   -5.3352   29.7150 C   0  0  0  0  0  0  0  0  0413
    0.0000   -5.4724   29.0075 C   0  0  0  0  0  0  0  0  0414
    1.2177   -5.3352   29.7150 C   0  0  0  0  0  0  0  0  0415
    2.3744   -4.9304   29.0075 C   0  0  0  0  0  0  0  0  0416
    3.4120   -4.2785   29.7150 C   0  0  0  0  0  0  0  0  0417
    4.2785   -3.4120   29.0075 C   0  0  0  0  0  0  0  0  0418
    4.9304   -2.3744   29.7150 C   0  0  0  0  0  0  0  0  0419
    5.3352   -1.2177   29.0075 C   0  0  0  0  0  0  0  0  0420
    5.4724    0.0000   31.1300 C   0  0  0  0  0  0  0  0  0421
    5.3352    1.2177   31.8375 C   0  0  0  0  0  0  0  0  0422
    4.9304    2.3744   31.1300 C   0  0  0  0  0  0  0  0  0423
    4.2785    3.4120   31.8375 C   0  0  0  0  0  0  0  0  0424
    3.4120    4.2785   31.1300 C   0  0  0  0  0  0  0  0  0425
    2.3744    4.9304   31.8375 C   0  0  0  0  0  0  0  0  0426
    1.2177    5.3352   31.1300 C   0  0  0  0  0  0  0  0  0427
    0.0000    5.4724   31.8375 C   0  0  0  0  0  0  0  0  0428
   -1.2177    5.3352   31.1300 C   0  0  0  0  0  0  0  0  0429
   -2.3744    4.9304   31.8375 C   0  0  0  0  0  0  0  0  0430
   -3.4120    4.2785   31.1300 C   0  0  0  0  0  0  0  0  0431
   -4.2785    3.4120   31.8375 C   0  0  0  0  0  0  0  0  0432
   -4.9304    2.3744   31.1300 C   0  0  0  0  0  0  0  0  0433
   -5.3352    1.2177   31.8375 C   0  0  0  0  0  0  0  0  0434
   -5.4724    0.0000   31.1300 C   0  0  0  0  0  0  0  0  0435
   -5.3352   -1.2177   31.8375 C   0  0  0  0  0  0  0  0  0436
   -4.9304   -2.3744   31.1300 C   0  0  0  0  0  0  0  0  0437
   -4.2785   -3.4120   31.8375 C   0  0  0  0  0  0  0  0  0438
   -3.4120   -4.2785   31.1300 C   0  0  0  0  0  0  0  0  0439
   -2.3744   -4.9304   31.8375 C   0  0  0  0  0  0  0  0  0440
   -1.2177   -5.3352   31.1300 C   0  0  0  0  0  0  0  0  0441
    0.0000   -5.4724   31.8375 C   0  0  0  0  0  0  0  0  0442
    1.2177   -5.3352   31.1300 C   0  0  0  0  0  0  0  0  0443
    2.3744   -4.9304   31.8375 C   0  0  0  0  0  0  0  0  0444
    3.4120   -4.2785   31.1300 C   0  0  0  0  0  0  0  0  0445
    4.2785   -3.4120   31.8375 C   0  0  0  0  0  0  0  0  0446
    4.9304   -2.3744   31.1300 C   0  0  0  0  0  0  0  0  0447
    5.3352   -1.2177   31.8375 C   0  0  0  0  0  0  0  0  0448
    5.4724    0.0000   33.9600 C   0  0  0  0  0  0  0  0  0449
    5.3352    1.2177   33.2525 C   0  0  0  0  0  0  0  0  0450
    4.9304    2.3744   33.9600 C   0  0  0  0  0  0  0  0  0451
    4.2785    3.4120   33.2525 C   0  0  0  0  0  0  0  0  0452
    3.4120    4.2785   33.9600 C   0  0  0  0  0  0  0  0  0453
    2.3744    4.9304   33.2525 C   0  0  0  0  0  0  0  0  0454
    1.2177    5.3352   33.9600 C   0  0  0  0  0  0  0  0  0455
    0.0000    5.4724   33.2525 C   0  0  0  0  0  0  0  0  0456
   -1.2177    5.3352   33.9600 C   0  0  0  0  0  0  0  0  0457
   -2.3744    4.9304   33.2525 C   0  0  0  0  0  0  0  0  0458
   -3.4120    4.2785   33.9600 C   0  0  0  0  0  0  0  0  0459
   -4.2785    3.4120   33.2525 C   0  0  0  0  0  0  0  0  0460
   -4.9304    2.3744   33.9600 C   0  0  0  0  0  0  0  0  0461
   -5.3352    1.2177   33.2525 C   0  0  0  0  0  0  0  0  0462
   -5.4724    0.0000   33.9600 C   0  0  0  0  0  0  0  0  0463
   -5.3352   -1.2177   33.2525 C   0  0  0  0  0  0  0  0  0464
   -4.9304   -2.3744   33.9600 C   0  0  0  0  0  0  0  0  0465
   -4.2785   -3.4120   33.2525 C   0  0  0  0  0  0  0  0  0466
   -3.4120   -4.2785   33.9600 C   0  0  0  0  0  0  0  0  0467
   -2.3744   -4.9304   33.2525 C   0  0  0  0  0  0  0  0  0468
   -1.2177   -5.3352   33.9600 C   0  0  0  0  0  0  0  0  0469
    0.0000   -5.4724   33.2525 C   0  0  0  0  0  0  0  0  0470
    1.2177   -5.3352   33.9600 C   0  0  0  0  0  0  0  0  0471
    2.3744   -4.9304   33.2525 C   0  0  0  0  0  0  0  0  0472
    3.4120   -4.2785   33.9600 C   0  0  0  0  0  0  0  0  0473
    4.2785   -3.4120   33.2525 C   0  0  0  0  0  0  0  0  0474
    4.9304   -2.3744   33.9600 C   0  0  0  0  0  0  0  0  0475
    5.3352   -1.2177   33.2525 C   0  0  0  0  0  0  0  0  0476
    5.4724    0.0000   35.3750 C   0  0  0  0  0  0  0  0  0477
    5.3352    1.2177   36.0825 C   0  0  0  0  0  0  0  0  0478
    4.9304    2.3744   35.3750 C   0  0  0  0  0  0  0  0  0479
    4.2785    3.4120   36.0825 C   0  0  0  0  0  0  0  0  0480
    3.4120    4.2785   35.3750 C   0  0  0  0  0  0  0  0  0481
    2.3744    4.9304   36.0825 C   0  0  0  0  0  0  0  0  0482
    1.2177    5.3352   35.3750 C   0  0  0  0  0  0  0  0  0483
    0.0000    5.4724   36.0825 C   0  0  0  0  0  0  0  0  0484
   -1.2177    5.3352   35.3750 C   0  0  0  0  0  0  0  0  0485
   -2.3744    4.9304   36.0825 C   0  0  0  0  0  0  0  0  0486
   -3.4120    4.2785   35.3750 C   0  0  0  0  0  0  0  0  0487
   -4.2785    3.4120   36.0825 C   0  0  0  0  0  0  0  0  0488
   -4.9304    2.3744   35.3750 C   0  0  0  0  0  0  0  0  0489
   -5.3352    1.2177   36.0825 C   0  0  0  0  0  0  0  0  0490
   -5.4724    0.0000   35.3750 C   0  0  0  0  0  0  0  0  0491
   -5.3352   -1.2177   36.0825 C   0  0  0  0  0  0  0  0  0492
   -4.9304   -2.3744   35.3750 C   0  0  0  0  0  0  0  0  0493
   -4.2785   -3.4120   36.0825 C   0  0  0  0  0  0  0  0  0494
   -3.4120   -4.2785   35.3750 C   0  0  0  0  0  0  0  0  0495
   -2.3744   -4.9304   36.0825 C   0  0  0  0  0  0  0  0  0496
   -1.2177   -5.3352   35.3750 C   0  0  0  0  0  0  0  0  0497
    0.0000   -5.4724   36.0825 C   0  0  0  0  0  0  0  0  0498
    1.2177   -5.3352   35.3750 C   0  0  0  0  0  0  0  0  0499
    2.3744   -4.9304   36.0825 C   0  0  0  0  0  0  0  0  0500
    3.4120   -4.2785   35.3750 C   0  0  0  0  0  0  0  0  0501
    4.2785   -3.4120   36.0825 C   0  0  0  0  0  0  0  0  0502
    4.9304   -2.3744   35.3750 C   0  0  0  0  0  0  0  0  0503
    5.3352   -1.2177   36.0825 C   0  0  0  0  0  0  0  0  0504
    5.4724    0.0000   38.2050 C   0  0  0  0  0  0  0  0  0505
    5.3352    1.2177   37.4975 C   0  0  0  0  0  0  0  0  0506
    4.9304    2.3744   38.2050 C   0  0  0  0  0  0  0  0  0507
    4.2785    3.4120   37.4975 C   0  0  0  0  0  0  0  0  0508
    3.4120    4.2785   38.2050 C   0  0  0  0  0  0  0  0  0509
    2.3744    4.9304   37.4975 C   0  0  0  0  0  0  0  0  0510
    1.2177    5.3352   38.2050 C   0  0  0  0  0  0  0  0  0511
    0.0000    5.4724   37.4975 C   0  0  0  0  0  0  0  0  0512
   -1.2177    5.3352   38.2050 C   0  0  0  0  0  0  0  0  0513
   -2.3744    4.9304   37.4975 C   0  0  0  0  0  0  0  0  0514
   -3.4120    4.2785   38.2050 C   0  0  0  0  0  0  0  0  0515
   -4.2785    3.4120   37.4975 C   0  0  0  0  0  0  0  0  0516
   -4.9304    2.3744   38.2050 C   0  0  0  0  0  0  0  0  0517
   -5.3352    1.2177   37.4975 C   0  0  0  0  0  0  0  0  0518
   -5.4724    0.0000   38.2050 C   0  0  0  0  0  0  0  0  0519
   -5.3352   -1.2177   37.4975 C   0  0  0  0  0  0  0  0  0520
   -4.9304   -2.3744   38.2050 C   0  0  0  0  0  0  0  0  0521
   -4.2785   -3.4120   37.4975 C   0  0  0  0  0  0  0  0  0522
   -3.4120   -4.2785   38.2050 C   0  0  0  0  0  0  0  0  0523
   -2.3744   -4.9304   37.4975 C   0  0  0  0  0  0  0  0  0524
   -1.2177   -5.3352   38.2050 C   0  0  0  0  0  0  0  0  0525
    0.0000   -5.4724   37.4975 C   0  0  0  0  0  0  0  0  0526
    1.2177   -5.3352   38.2050 C   0  0  0  0  0  0  0  0  0527
    2.3744   -4.9304   37.4975 C   0  0  0  0  0  0  0  0  0528
    3.4120   -4.2785   38.2050 C   0  0  0  0  0  0  0  0  0529
    4.2785   -3.4120   37.4975 C   0  0  0  0  0  0  0  0  0530
    4.9304   -2.3744   38.2050 C   0  0  0  0  0  0  0  0  0531
    5.3352   -1.2177   37.4975 C   0  0  0  0  0  0  0  0  0532
    5.4724    0.0000   39.6200 C   0  0  0  0  0  0  0  0  0533
    5.3352    1.2177   40.3275 C   0  0  0  0  0  0  0  0  0534
    4.9304    2.3744   39.6200 C   0  0  0  0  0  0  0  0  0535
    4.2785    3.4120   40.3275 C   0  0  0  0  0  0  0  0  0536
    3.4120    4.2785   39.6200 C   0  0  0  0  0  0  0  0  0537
    2.3744    4.9304   40.3275 C   0  0  0  0  0  0  0  0  0538
    1.2177    5.3352   39.6200 C   0  0  0  0  0  0  0  0  0539
    0.0000    5.4724   40.3275 C   0  0  0  0  0  0  0  0  0540
   -1.2177    5.3352   39.6200 C   0  0  0  0  0  0  0  0  0541
   -2.3744    4.9304   40.3275 C   0  0  0  0  0  0  0  0  0542
   -3.4120    4.2785   39.6200 C   0  0  0  0  0  0  0  0  0543
   -4.2785    3.4120   40.3275 C   0  0  0  0  0  0  0  0  0544
   -4.9304    2.3744   39.6200 C   0  0  0  0  0  0  0  0  0545
   -5.3352    1.2177   40.3275 C   0  0  0  0  0  0  0  0  0546
   -5.4724    0.0000   39.6200 C   0  0  0  0  0  0  0  0  0547
   -5.3352   -1.2177   40.3275 C   0  0  0  0  0  0  0  0  0548
   -4.9304   -2.3744   39.6200 C   0  0  0  0  0  0  0  0  0549
   -4.2785   -3.4120   40.3275 C   0  0  0  0  0  0  0  0  0550
   -3.4120   -4.2785   39.6200 C   0  0  0  0  0  0  0  0  0551
   -2.3744   -4.9304   40.3275 C   0  0  0  0  0  0  0  0  0552
   -1.2177   -5.3352   39.6200 C   0  0  0  0  0  0  0  0  0553
    0.0000   -5.4724   40.3275 C   0  0  0  0  0  0  0  0  0554
    1.2177   -5.3352   39.6200 C   0  0  0  0  0  0  0  0  0555
    2.3744   -4.9304   40.3275 C   0  0  0  0  0  0  0  0  0556
    3.4120   -4.2785   39.6200 C   0  0  0  0  0  0  0  0  0557
    4.2785   -3.4120   40.3275 C   0  0  0  0  0  0  0  0  0558
    4.9304   -2.3744   39.6200 C   0  0  0  0  0  0  0  0  0559
    5.3352   -1.2177   40.3275 C   0  0  0  0  0  0  0  0  0560
    5.4724    0.0000   42.4500 C   0  0  0  0  0  0  0  0  0561
    5.3352    1.2177   41.7425 C   0  0  0  0  0  0  0  0  0562
    4.9304    2.3744   42.4500 C   0  0  0  0  0  0  0  0  0563
    4.2785    3.4120   41.7425 C   0  0  0  0  0  0  0  0  0564
    3.4120    4.2785   42.4500 C   0  0  0  0  0  0  0  0  0565
    2.3744    4.9304   41.7425 C   0  0  0  0  0  0  0  0  0566
    1.2177    5.3352   42.4500 C   0  0  0  0  0  0  0  0  0567
    0.0000    5.4724   41.7425 C   0  0  0  0  0  0  0  0  0568
   -1.2177    5.3352   42.4500 C   0  0  0  0  0  0  0  0  0569
   -2.3744    4.9304   41.7425 C   0  0  0  0  0  0  0  0  0570
   -3.4120    4.2785   42.4500 C   0  0  0  0  0  0  0  0  0571
   -4.2785    3.4120   41.7425 C   0  0  0  0  0  0  0  0  0572
   -4.9304    2.3744   42.4500 C   0  0  0  0  0  0  0  0  0573
   -5.3352    1.2177   41.7425 C   0  0  0  0  0  0  0  0  0574
   -5.4724    0.0000   42.4500 C   0  0  0  0  0  0  0  0  0575
   -5.3352   -1.2177   41.7425 C   0  0  0  0  0  0  0  0  0576
   -4.9304   -2.3744   42.4500 C   0  0  0  0  0  0  0  0  0577
   -4.2785   -3.4120   41.7425 C   0  0  0  0  0  0  0  0  0578
   -3.4120   -4.2785   42.4500 C   0  0  0  0  0  0  0  0  0579
   -2.3744   -4.9304   41.7425 C   0  0  0  0  0  0  0  0  0580
   -1.2177   -5.3352   42.4500 C   0  0  0  0  0  0  0  0  0581
    0.0000   -5.4724   41.7425 C   0  0  0  0  0  0  0  0  0582
    1.2177   -5.3352   42.4500 C   0  0  0  0  0  0  0  0  0583
    2.3744   -4.9304   41.7425 C   0  0  0  0  0  0  0  0  0584
    3.4120   -4.2785   42.4500 C   0  0  0  0  0  0  0  0  0585
    4.2785   -3.4120   41.7425 C   0  0  0  0  0  0  0  0  0586
  1  2  1  0  0  0
  1 28  1  0  0  0
  1 29  1  0  0  0
  2  3  1  0  0  0
  3  4  1  0  0  0
  3 31  1  0  0  0
  4  5  1  0  0  0
  5  6  1  0  0  0
  5 33  1  0  0  0
  6  7  1  0  0  0
  7  8  1  0  0  0
  7 35  1  0  0  0
  8  9  1  0  0  0
  9 10  1  0  0  0
  9 37  1  0  0  0
 10 11  1  0  0  0
 11 12  1  0  0  0
 11 39  1  0  0  0
 12 13  1  0  0  0
 13 14  1  0  0  0
 13 41  1  0  0  0
 14 15  1  0  0  0
 15 16  1  0  0  0
 15 43  1  0  0  0
 16 17  1  0  0  0
 17 18  1  0  0  0
 17 45  1  0  0  0
 18 19  1  0  0  0
 19 20  1  0  0  0
 19 47  1  0  0  0
 20 21  1  0  0  0
 21 22  1  0  0  0
 21 49  1  0  0  0
 22 23  1  0  0  0
 23 24  1  0  0  0
 23 51  1  0  0  0
 24 25  1  0  0  0
 25 26  1  0  0  0
 25 53  1  0  0  0
 26 27  1  0  0  0
 27 28  1  0  0  0
 27 55  1  0  0  0
 29 30  1  0  0  0
 29 56  1  0  0  0
 30 31  1  0  0  0
 30 58  1  0  0  0
 31 32  1  0  0  0
 32 33  1  0  0  0
 32 60  1  0  0  0
 33 34  1  0  0  0
 34 35  1  0  0  0
 34 62  1  0  0  0
 35 36  1  0  0  0
 36 37  1  0  0  0
 36 64  1  0  0  0
 37 38  1  0  0  0
 38 39  1  0  0  0
 38 66  1  0  0  0
 39 40  1  0  0  0
 40 41  1  0  0  0
 40 68  1  0  0  0
 41 42  1  0  0  0
 42 43  1  0  0  0
 42 70  1  0  0  0
 43 44  1  0  0  0
 44 45  1  0  0  0
 44 72  1  0  0  0
 45 46  1  0  0  0
 46 47  1  0  0  0
 46 74  1  0  0  0
 47 48  1  0  0  0
 48 49  1  0  0  0
 48 76  1  0  0  0
 49 50  1  0  0  0
 50 51  1  0  0  0
 50 78  1  0  0  0
 51 52  1  0  0  0
 52 53  1  0  0  0
 52 80  1  0  0  0
 53 54  1  0  0  0
 54 55  1  0  0  0
 54 82  1  0  0  0
 55 56  1  0  0  0
 56 84  1  0  0  0
 57 58  1  0  0  0
 57 84  1  0  0  0
 57 85  1  0  0  0
 58 59  1  0  0  0
 59 60  1  0  0  0
 59 87  1  0  0  0
 60 61  1  0  0  0
 61 62  1  0  0  0
 61 89  1  0  0  0
 62 63  1  0  0  0
 63 64  1  0  0  0
 63 91  1  0  0  0
 64 65  1  0  0  0
 65 66  1  0  0  0
 65 93  1  0  0  0
 66 67  1  0  0  0
 67 68  1  0  0  0
 67 95  1  0  0  0
 68 69  1  0  0  0
 69 70  1  0  0  0
 69 97  1  0  0  0
 70 71  1  0  0  0
 71 72  1  0  0  0
 71 99  1  0  0  0
 72 73  1  0  0  0
 73 74  1  0  0  0
 73101  1  0  0  0
 74 75  1  0  0  0
 75 76  1  0  0  0
 75103  1  0  0  0
 76 77  1  0  0  0
 77 78  1  0  0  0
 77105  1  0  0  0
 78 79  1  0  0  0
 79 80  1  0  0  0
 79107  1  0  0  0
 80 81  1  0  0  0
 81 82  1  0  0  0
 81109  1  0  0  0
 82 83  1  0  0  0
 83 84  1  0  0  0
 83111  1  0  0  0
 85 86  1  0  0  0
 85112  1  0  0  0
 86 87  1  0  0  0
 86114  1  0  0  0
 87 88  1  0  0  0
 88 89  1  0  0  0
 88116  1  0  0  0
 89 90  1  0  0  0
 90 91  1  0  0  0
 90118  1  0  0  0
 91 92  1  0  0  0
 92 93  1  0  0  0
 92120  1  0  0  0
 93 94  1  0  0  0
 94 95  1  0  0  0
 94122  1  0  0  0
 95 96  1  0  0  0
 96 97  1  0  0  0
 96124  1  0  0  0
 97 98  1  0  0  0
 98 99  1  0  0  0
 98126  1  0  0  0
 99100  1  0  0  0
100101  1  0  0  0
100128  1  0  0  0
101102  1  0  0  0
102103  1  0  0  0
102130  1  0  0  0
103104  1  0  0  0
104105  1  0  0  0
104132  1  0  0  0
105106  1  0  0  0
106107  1  0  0  0
106134  1  0  0  0
107108  1  0  0  0
108109  1  0  0  0
108136  1  0  0  0
109110  1  0  0  0
110111  1  0  0  0
110138  1  0  0  0
111112  1  0  0  0
112140  1  0  0  0
113114  1  0  0  0
113140  1  0  0  0
113141  1  0  0  0
114115  1  0  0  0
115116  1  0  0  0
115143  1  0  0  0
116117  1  0  0  0
117118  1  0  0  0
117145  1  0  0  0
118119  1  0  0  0
119120  1  0  0  0
119147  1  0  0  0
120121  1  0  0  0
121122  1  0  0  0
121149  1  0  0  0
122123  1  0  0  0
123124  1  0  0  0
123151  1  0  0  0
124125  1  0  0  0
125126  1  0  0  0
125153  1  0  0  0
126127  1  0  0  0
127128  1  0  0  0
127155  1  0  0  0
128129  1  0  0  0
129130  1  0  0  0
129157  1  0  0  0
130131  1  0  0  0
131132  1  0  0  0
131159  1  0  0  0
132133  1  0  0  0
133134  1  0  0  0
133161  1  0  0  0
134135  1  0  0  0
135136  1  0  0  0
135163  1  0  0  0
136137  1  0  0  0
137138  1  0  0  0
137165  1  0  0  0
138139  1  0  0  0
139140  1  0  0  0
139167  1  0  0  0
141142  1  0  0  0
141168  1  0  0  0
142143  1  0  0  0
142170  1  0  0  0
143144  1  0  0  0
144145  1  0  0  0
144172  1  0  0  0
145146  1  0  0  0
146147  1  0  0  0
146174  1  0  0  0
147148  1  0  0  0
148149  1  0  0  0
148176  1  0  0  0
149150  1  0  0  0
150151  1  0  0  0
150178  1  0  0  0
151152  1  0  0  0
152153  1  0  0  0
152180  1  0  0  0
153154  1  0  0  0
154155  1  0  0  0
154182  1  0  0  0
155156  1  0  0  0
156157  1  0  0  0
156184  1  0  0  0
157158  1  0  0  0
158159  1  0  0  0
158186  1  0  0  0
159160  1  0  0  0
160161  1  0  0  0
160188  1  0  0  0
161162  1  0  0  0
162163  1  0  0  0
162190  1  0  0  0
163164  1  0  0  0
164165  1  0  0  0
164192  1  0  0  0
165166  1  0  0  0
166167  1  0  0  0
166194  1  0  0  0
167168  1  0  0  0
168196  1  0  0  0
169170  1  0  0  0
169196  1  0  0  0
169197  1  0  0  0
170171  1  0  0  0
171172  1  0  0  0
171199  1  0  0  0
172173  1  0  0  0
173174  1  0  0  0
173201  1  0  0  0
174175  1  0  0  0
175176  1  0  0  0
175203  1  0  0  0
176177  1  0  0  0
177178  1  0  0  0
177205  1  0  0  0
178179  1  0  0  0
179180  1  0  0  0
179207  1  0  0  0
180181  1  0  0  0
181182  1  0  0  0
181209  1  0  0  0
182183  1  0  0  0
183184  1  0  0  0
183211  1  0  0  0
184185  1  0  0  0
185186  1  0  0  0
185213  1  0  0  0
186187  1  0  0  0
187188  1  0  0  0
187215  1  0  0  0
188189  1  0  0  0
189190  1  0  0  0
189217  1  0  0  0
190191  1  0  0  0
191192  1  0  0  0
191219  1  0  0  0
192193  1  0  0  0
193194  1  0  0  0
193221  1  0  0  0
194195  1  0  0  0
195196  1  0  0  0
195223  1  0  0  0
197198  1  0  0  0
197224  1  0  0  0
198199  1  0  0  0
198226  1  0  0  0
199200  1  0  0  0
200201  1  0  0  0
200228  1  0  0  0
201202  1  0  0  0
202203  1  0  0  0
202230  1  0  0  0
203204  1  0  0  0
204205  1  0  0  0
204232  1  0  0  0
205206  1  0  0  0
206207  1  0  0  0
206234  1  0  0  0
207208  1  0  0  0
208209  1  0  0  0
208236  1  0  0  0
209210  1  0  0  0
210211  1  0  0  0
210238  1  0  0  0
211212  1  0  0  0
212213  1  0  0  0
212240  1  0  0  0
213214  1  0  0  0
214215  1  0  0  0
214242  1  0  0  0
215216  1  0  0  0
216217  1  0  0  0
216244  1  0  0  0
217218  1  0  0  0
218219  1  0  0  0
218246  1  0  0  0
219220  1  0  0  0
220221  1  0  0  0
220248  1  0  0  0
221222  1  0  0  0
222223  1  0  0  0
222250  1  0  0  0
223224  1  0  0  0
224252  1  0  0  0
225226  1  0  0  0
225252  1  0  0  0
225253  1  0  0  0
226227  1  0  0  0
227228  1  0  0  0
227255  1  0  0  0
228229  1  0  0  0
229230  1  0  0  0
229257  1  0  0  0
230231  1  0  0  0
231232  1  0  0  0
231259  1  0  0  0
232233  1  0  0  0
233234  1  0  0  0
233261  1  0  0  0
234235  1  0  0  0
235236  1  0  0  0
235263  1  0  0  0
236237  1  0  0  0
237238  1  0  0  0
237265  1  0  0  0
238239  1  0  0  0
239240  1  0  0  0
239267  1  0  0  0
240241  1  0  0  0
241242  1  0  0  0
241269  1  0  0  0
242243  1  0  0  0
243244  1  0  0  0
243271  1  0  0  0
244245  1  0  0  0
245246  1  0  0  0
245273  1  0  0  0
246247  1  0  0  0
247248  1  0  0  0
247275  1  0  0  0
248249  1  0  0  0
249250  1  0  0  0
249277  1  0  0  0
250251  1  0  0  0
251252  1  0  0  0
251279  1  0  0  0
253254  1  0  0  0
253280  1  0  0  0
254255  1  0  0  0
254282  1  0  0  0
255256  1  0  0  0
256257  1  0  0  0
256284  1  0  0  0
257258  1  0  0  0
258259  1  0  0  0
258286  1  0  0  0
259260  1  0  0  0
260261  1  0  0  0
260288  1  0  0  0
261262  1  0  0  0
262263  1  0  0  0
262290  1  0  0  0
263264  1  0  0  0
264265  1  0  0  0
264292  1  0  0  0
265266  1  0  0  0
266267  1  0  0  0
266294  1  0  0  0
267268  1  0  0  0
268269  1  0  0  0
268296  1  0  0  0
269270  1  0  0  0
270271  1  0  0  0
270298  1  0  0  0
271272  1  0  0  0
272273  1  0  0  0
272300  1  0  0  0
273274  1  0  0  0
274275  1  0  0  0
274302  1  0  0  0
275276  1  0  0  0
276277  1  0  0  0
276304  1  0  0  0
277278  1  0  0  0
278279  1  0  0  0
278306  1  0  0  0
279280  1  0  0  0
280308  1  0  0  0
281282  1  0  0  0
281308  1  0  0  0
281309  1  0  0  0
282283  1  0  0  0
283284  1  0  0  0
283311  1  0  0  0
284285  1  0  0  0
285286  1  0  0  0
285313  1  0  0  0
286287  1  0  0  0
287288  1  0  0  0
287315  1  0  0  0
288289  1  0  0  0
289290  1  0  0  0
289317  1  0  0  0
290291  1  0  0  0
291292  1  0  0  0
291319  1  0  0  0
292293  1  0  0  0
293294  1  0  0  0
293321  1  0  0  0
294295  1  0  0  0
295296  1  0  0  0
295323  1  0  0  0
296297  1  0  0  0
297298  1  0  0  0
297325  1  0  0  0
298299  1  0  0  0
299300  1  0  0  0
299327  1  0  0  0
300301  1  0  0  0
301302  1  0  0  0
301329  1  0  0  0
302303  1  0  0  0
303304  1  0  0  0
303331  1  0  0  0
304305  1  0  0  0
305306  1  0  0  0
305333  1  0  0  0
306307  1  0  0  0
307308  1  0  0  0
307335  1  0  0  0
309310  1  0  0  0
309336  1  0  0  0
310311  1  0  0  0
310338  1  0  0  0
311312  1  0  0  0
312313  1  0  0  0
312340  1  0  0  0
313314  1  0  0  0
314315  1  0  0  0
314342  1  0  0  0
315316  1  0  0  0
316317  1  0  0  0
316344  1  0  0  0
317318  1  0  0  0
318319  1  0  0  0
318346  1  0  0  0
319320  1  0  0  0
320321  1  0  0  0
320348  1  0  0  0
321322  1  0  0  0
322323  1  0  0  0
322350  1  0  0  0
323324  1  0  0  0
324325  1  0  0  0
324352  1  0  0  0
325326  1  0  0  0
326327  1  0  0  0
326354  1  0  0  0
327328  1  0  0  0
328329  1  0  0  0
328356  1  0  0  0
329330  1  0  0  0
330331  1  0  0  0
330358  1  0  0  0
331332  1  0  0  0
332333  1  0  0  0
332360  1  0  0  0
333334  1  0  0  0
334335  1  0  0  0
334362  1  0  0  0
335336  1  0  0  0
336364  1  0  0  0
337338  1  0  0  0
337364  1  0  0  0
337365  1  0  0  0
338339  1  0  0  0
339340  1  0  0  0
339367  1  0  0  0
340341  1  0  0  0
341342  1  0  0  0
341369  1  0  0  0
342343  1  0  0  0
343344  1  0  0  0
343371  1  0  0  0
344345  1  0  0  0
345346  1  0  0  0
345373  1  0  0  0
346347  1  0  0  0
347348  1  0  0  0
347375  1  0  0  0
348349  1  0  0  0
349350  1  0  0  0
349377  1  0  0  0
350351  1  0  0  0
351352  1  0  0  0
351379  1  0  0  0
352353  1  0  0  0
353354  1  0  0  0
353381  1  0  0  0
354355  1  0  0  0
355356  1  0  0  0
355383  1  0  0  0
356357  1  0  0  0
357358  1  0  0  0
357385  1  0  0  0
358359  1  0  0  0
359360  1  0  0  0
359387  1  0  0  0
360361  1  0  0  0
361362  1  0  0  0
361389  1  0  0  0
362363  1  0  0  0
363364  1  0  0  0
363391  1  0  0  0
365366  1  0  0  0
365392  1  0  0  0
366367  1  0  0  0
366394  1  0  0  0
367368  1  0  0  0
368369  1  0  0  0
368396  1  0  0  0
369370  1  0  0  0
370371  1  0  0  0
370398  1  0  0  0
371372  1  0  0  0
372373  1  0  0  0
372400  1  0  0  0
373374  1  0  0  0
374375  1  0  0  0
374402  1  0  0  0
375376  1  0  0  0
376377  1  0  0  0
376404  1  0  0  0
377378  1  0  0  0
378379  1  0  0  0
378406  1  0  0  0
379380  1  0  0  0
380381  1  0  0  0
380408  1  0  0  0
381382  1  0  0  0
382383  1  0  0  0
382410  1  0  0  0
383384  1  0  0  0
384385  1  0  0  0
384412  1  0  0  0
385386  1  0  0  0
386387  1  0  0  0
386414  1  0  0  0
387388  1  0  0  0
388389  1  0  0  0
388416  1  0  0  0
389390  1  0  0  0
390391  1  0  0  0
390418  1  0  0  0
391392  1  0  0  0
392420  1  0  0  0
393394  1  0  0  0
393420  1  0  0  0
393421  1  0  0  0
394395  1  0  0  0
395396  1  0  0  0
395423  1  0  0  0
396397  1  0  0  0
397398  1  0  0  0
397425  1  0  0  0
398399  1  0  0  0
399400  1  0  0  0
399427  1  0  0  0
400401  1  0  0  0
401402  1  0  0  0
401429  1  0  0  0
402403  1  0  0  0
403404  1  0  0  0
403431  1  0  0  0
404405  1  0  0  0
405406  1  0  0  0
405433  1  0  0  0
406407  1  0  0  0
407408  1  0  0  0
407435  1  0  0  0
408409  1  0  0  0
409410  1  0  0  0
409437  1  0  0  0
410411  1  0  0  0
411412  1  0  0  0
411439  1  0  0  0
412413  1  0  0  0
413414  1  0  0  0
413441  1  0  0  0
414415  1  0  0  0
415416  1  0  0  0
415443  1  0  0  0
416417  1  0  0  0
417418  1  0  0  0
417445  1  0  0  0
418419  1  0  0  0
419420  1  0  0  0
419447  1  0  0  0
421422  1  0  0  0
421448  1  0  0  0
422423  1  0  0  0
422450  1  0  0  0
423424  1  0  0  0
424425  1  0  0  0
424452  1  0  0  0
425426  1  0  0  0
426427  1  0  0  0
426454  1  0  0  0
427428  1  0  0  0
428429  1  0  0  0
428456  1  0  0  0
429430  1  0  0  0
430431  1  0  0  0
430458  1  0  0  0
431432  1  0  0  0
432433  1  0  0  0
432460  1  0  0  0
433434  1  0  0  0
434435  1  0  0  0
434462  1  0  0  0
435436  1  0  0  0
436437  1  0  0  0
436464  1  0  0  0
437438  1  0  0  0
438439  1  0  0  0
438466  1  0  0  0
439440  1  0  0  0
440441  1  0  0  0
440468  1  0  0  0
441442  1  0  0  0
442443  1  0  0  0
442470  1  0  0  0
443444  1  0  0  0
444445  1  0  0  0
444472  1  0  0  0
445446  1  0  0  0
446447  1  0  0  0
446474  1  0  0  0
447448  1  0  0  0
448476  1  0  0  0
449450  1  0  0  0
449476  1  0  0  0
449477  1  0  0  0
450451  1  0  0  0
451452  1  0  0  0
451479  1  0  0  0
452453  1  0  0  0
453454  1  0  0  0
453481  1  0  0  0
454455  1  0  0  0
455456  1  0  0  0
455483  1  0  0  0
456457  1  0  0  0
457458  1  0  0  0
457485  1  0  0  0
458459  1  0  0  0
459460  1  0  0  0
459487  1  0  0  0
460461  1  0  0  0
461462  1  0  0  0
461489  1  0  0  0
462463  1  0  0  0
463464  1  0  0  0
463491  1  0  0  0
464465  1  0  0  0
465466  1  0  0  0
465493  1  0  0  0
466467  1  0  0  0
467468  1  0  0  0
467495  1  0  0  0
468469  1  0  0  0
469470  1  0  0  0
469497  1  0  0  0
470471  1  0  0  0
471472  1  0  0  0
471499  1  0  0  0
472473  1  0  0  0
473474  1  0  0  0
473501  1  0  0  0
474475  1  0  0  0
475476  1  0  0  0
475503  1  0  0  0
477478  1  0  0  0
477504  1  0  0  0
478479  1  0  0  0
478506  1  0  0  0
479480  1  0  0  0
480481  1  0  0  0
480508  1  0  0  0
481482  1  0  0  0
482483  1  0  0  0
482510  1  0  0  0
483484  1  0  0  0
484485  1  0  0  0
484512  1  0  0  0
485486  1  0  0  0
486487  1  0  0  0
486514  1  0  0  0
487488  1  0  0  0
488489  1  0  0  0
488516  1  0  0  0
489490  1  0  0  0
490491  1  0  0  0
490518  1  0  0  0
491492  1  0  0  0
492493  1  0  0  0
492520  1  0  0  0
493494  1  0  0  0
494495  1  0  0  0
494522  1  0  0  0
495496  1  0  0  0
496497  1  0  0  0
496524  1  0  0  0
497498  1  0  0  0
498499  1  0  0  0
498526  1  0  0  0
499500  1  0  0  0
500501  1  0  0  0
500528  1  0  0  0
501502  1  0  0  0
502503  1  0  0  0
502530  1  0  0  0
503504  1  0  0  0
504532  1  0  0  0
505506  1  0  0  0
505532  1  0  0  0
505533  1  0  0  0
506507  1  0  0  0
507508  1  0  0  0
507535  1  0  0  0
508509  1  0  0  0
509510  1  0  0  0
509537  1  0  0  0
510511  1  0  0  0
511512  1  0  0  0
511539  1  0  0  0
512513  1  0  0  0
513514  1  0  0  0
513541  1  0  0  0
514515  1  0  0  0
515516  1  0  0  0
515543  1  0  0  0
516517  1  0  0  0
517518  1  0  0  0
517545  1  0  0  0
518519  1  0  0  0
519520  1  0  0  0
519547  1  0  0  0
520521  1  0  0  0
521522  1  0  0  0
521549  1  0  0  0
522523  1  0  0  0
523524  1  0  0  0
523551  1  0  0  0
524525  1  0  0  0
525526  1  0  0  0
525553  1  0  0  0
526527  1  0  0  0
527528  1  0  0  0
527555  1  0  0  0
528529  1  0  0  0
529530  1  0  0  0
529557  1  0  0  0
530531  1  0  0  0
531532  1  0  0  0
531559  1  0  0  0
533534  1  0  0  0
533560  1  0  0  0
534535  1  0  0  0
534562  1  0  0  0
535536  1  0  0  0
536537  1  0  0  0
536564  1  0  0  0
537538  1  0  0  0
538539  1  0  0  0
538566  1  0  0  0
539540  1  0  0  0
540541  1  0  0  0
540568  1  0  0  0
541542  1  0  0  0
542543  1  0  0  0
542570  1  0  0  0
543544  1  0  0  0
544545  1  0  0  0
544572  1  0  0  0
545546  1  0  0  0
546547  1  0  0  0
546574  1  0  0  0
547548  1  0  0  0
548549  1  0  0  0
548576  1  0  0  0
549550  1  0  0  0
550551  1  0  0  0
550578  1  0  0  0
551552  1  0  0  0
552553  1  0  0  0
552580  1  0  0  0
553554  1  0  0  0
554555  1  0  0  0
554582  1  0  0  0
555556  1  0  0  0
556557  1  0  0  0
556584  1  0  0  0
557558  1  0  0  0
558559  1  0  0  0
558586  1  0  0  0
559560  1  0  0  0
561562  1  0  0  0
562563  1  0  0  0
563564  1  0  0  0
564565  1  0  0  0
565566  1  0  0  0
566567  1  0  0  0
567568  1  0  0  0
568569  1  0  0  0
569570  1  0  0  0
570571  1  0  0  0
571572  1  0  0  0
572573  1  0  0  0
573574  1  0  0  0
574575  1  0  0  0
575576  1  0  0  0
576577  1  0  0  0
577578  1  0  0  0
578579  1  0  0  0
579580  1  0  0  0
580581  1  0  0  0
581582  1  0  0  0
582583  1  0  0  0
583584  1  0  0  0
584585  1  0  0  0
585586  1  0  0  0
M  END
