586
  Marvin  12300703363D          

 18 17  0  0  0  0            999 V2000
   -2.8142    1.8442   -0.3911 O   0  0  0  0  0  0  0  0  0  0  0  0
   -0.8963    2.5553   -0.7313 O   0  0  0  0  0  0  0  0  0  0  0  0
    0.2398   -0.0335    0.1426 N   0  0  0  0  0  0  0  0  0  0  0  0
    1.9962   -1.3847   -0.5184 N   0  0  0  0  0  0  0  0  0  0  0  0
    0.0755   -2.2889   -0.1822 N   0  0  0  0  0  0  0  0  0  0  0  0
   -1.1115    0.2630   -0.2082 C   0  0  0  0  0  0  0  0  0  0  0  0
    0.9683    0.7941    1.0349 C   0  0  0  0  0  0  0  0  0  0  0  0
    0.7649   -1.2077   -0.1851 C   0  0  0  0  0  0  0  0  0  0  0  0
   -1.6105    1.6092   -0.4368 C   0  0  0  0  0  0  0  0  0  0  0  0
   -1.3896   -0.2429   -1.1403 H   0  0  0  0  0  0  0  0  0  0  0  0
   -1.7253   -0.1865    0.5787 H   0  0  0  0  0  0  0  0  0  0  0  0
    2.0419    0.8331    0.8318 H   0  0  0  0  0  0  0  0  0  0  0  0
    0.8373    0.4167    2.0514 H   0  0  0  0  0  0  0  0  0  0  0  0
    0.6604    1.8380    1.0572 H   0  0  0  0  0  0  0  0  0  0  0  0
    2.3346   -2.2497   -0.6352 H   0  0  0  0  0  0  0  0  0  0  0  0
    2.5620   -0.6518   -0.6471 H   0  0  0  0  0  0  0  0  0  0  0  0
    0.4588   -3.1114   -0.4089 H   0  0  0  0  0  0  0  0  0  0  0  0
   -3.3923    1.2036   -0.2120 H   0  0  0  0  0  0  0  0  0  0  0  0
  1  9  1  0  0  0  0
  1 18  1  0  0  0  0
  2  9  2  0  0  0  0
  3  6  1  0  0  0  0
  3  7  1  0  0  0  0
  3  8  1  0  0  0  0
  4  8  1  0  0  0  0
  4 15  1  0  0  0  0
  4 16  1  0  0  0  0
  5  8  2  0  0  0  0
  5 17  1  0  0  0  0
  6  9  1  0  0  0  0
  6 10  1  0  0  0  0
  6 11  1  0  0  0  0
  7 12  1  0  0  0  0
  7 13  1  0  0  0  0
  7 14  1  0  0  0  0
M  END

> <StdInChI>
InChI=1S/C4H9N3O2/c1-7(4(5)6)2-3(8)9/h2H2,1H3,(H3,5,6)(H,8,9)

> <StdInChIKey>
CVSVTCORWBXHQV-UHFFFAOYSA-N

> <AuxInfo>
1/1/N:7,6,9,8,4,5,3,1,2/E:(5,6)(8,9)/rA:18nOONNNCCCCHHHHHHHHH/rB:;;;;s3;s3;s3s4d5;s1d2s6;s6;s6;s7;s7;s7;s4;s4;s5;s1;/rC:-2.8142,1.8442,-.3911;-.8963,2.5553,-.7313;.2398,-.0335,.1426;1.9962,-1.3847,-.5184;.0755,-2.2889,-.1822;-1.1115,.263,-.2082;.9683,.7941,1.0349;.7649,-1.2077,-.1851;-1.6105,1.6092,-.4368;-1.3896,-.2429,-1.1403;-1.7253,-.1865,.5787;2.0419,.8331,.8318;.8373,.4167,2.0514;.6604,1.838,1.0572;2.3346,-2.2497,-.6352;2.562,-.6518,-.6471;.4588,-3.1114,-.4089;-3.3923,1.2036,-.212;

> <Formula>
C4 H9 N3 O2

> <Mw>
131.1332

> <SMILES>
O([H])C(C([H])([H])N(/C(=N/[H])/N([H])[H])C([H])([H])[H])=O

> <CSID>
566

$$$$
