 Name: AMOXICILLIN
  Chime   01300722553D

 44 46  0     1  0  0  0  0  0999 V2000
    1.5513   -0.2671    4.1197 S   0  0  0  0  0  0  0  0  0  0  0  0
    3.6581    1.8922    0.9108 O   0  0  0  0  0  0  0  0  0  0  0  0
    0.9442   -1.8262   -0.3179 O   0  0  0  0  0  0  0  0  0  0  0  0
    0.3942    0.3838   -0.4147 O   0  0  0  0  0  0  0  0  0  0  0  0
    1.6355    3.6882    5.5139 O   0  0  0  0  0  0  0  0  0  0  0  0
   -3.9707    6.4654    2.8226 O   0  0  0  0  0  0  0  0  0  0  0  0
    1.7051    0.9341    1.8261 N   0  0  0  0  0  0  0  0  0  0  0  0
    2.2034    3.6731    3.2658 N   0  0  0  0  0  0  0  0  0  0  0  0
    1.7766    6.4470    5.5145 N   0  0  0  0  0  0  0  0  0  0  0  0
    1.3523    1.3027    3.2002 C   0  0  2  0  0  0  0  0  0  0  0  0
    1.0620   -1.2538    2.6175 C   0  0  0  0  0  0  0  0  0  0  0  0
    1.6807   -0.4633    1.4445 C   0  0  1  0  0  0  0  0  0  0  0  0
    2.5577    2.2529    3.1860 C   0  0  1  0  0  0  0  0  0  0  0  0
    2.7947    1.7524    1.7471 C   0  0  0  0  0  0  0  0  0  0  0  0
   -0.4700   -1.3414    2.5887 C   0  0  0  0  0  0  0  0  0  0  0  0
    1.6653   -2.6555    2.7250 C   0  0  0  0  0  0  0  0  0  0  0  0
    0.9376   -0.5540    0.1498 C   0  0  0  0  0  0  0  0  0  0  0  0
    1.7645    4.2813    4.4441 C   0  0  0  0  0  0  0  0  0  0  0  0
    1.4378    5.7599    4.2650 C   0  0  1  0  0  0  0  0  0  0  0  0
   -0.0142    5.9490    3.8777 C   0  0  0  0  0  0  0  0  0  0  0  0
   -0.3167    6.5767    2.6829 C   0  0  0  0  0  0  0  0  0  0  0  0
   -1.0038    5.4897    4.7282 C   0  0  0  0  0  0  0  0  0  0  0  0
   -1.6539    6.7512    2.3265 C   0  0  0  0  0  0  0  0  0  0  0  0
   -2.3410    5.6640    4.3718 C   0  0  0  0  0  0  0  0  0  0  0  0
   -2.6662    6.2947    3.1708 C   0  0  0  0  0  0  0  0  0  0  0  0
    0.3597    1.7595    3.2646 H   0  0  0  0  0  0  0  0  0  0  0  0
    2.7197   -0.7653    1.2556 H   0  0  0  0  0  0  0  0  0  0  0  0
    3.3838    2.0019    3.8608 H   0  0  0  0  0  0  0  0  0  0  0  0
   -0.8624   -1.7939    3.5074 H   0  0  0  0  0  0  0  0  0  0  0  0
   -0.9397   -0.3582    2.4730 H   0  0  0  0  0  0  0  0  0  0  0  0
   -0.8163   -1.9674    1.7588 H   0  0  0  0  0  0  0  0  0  0  0  0
    1.2971   -3.1843    3.6121 H   0  0  0  0  0  0  0  0  0  0  0  0
    1.4036   -3.2667    1.8547 H   0  0  0  0  0  0  0  0  0  0  0  0
    2.7595   -2.6248    2.7849 H   0  0  0  0  0  0  0  0  0  0  0  0
    2.2669    4.2510    2.4309 H   0  0  0  0  0  0  0  0  0  0  0  0
    2.0916    6.1682    3.4840 H   0  0  0  0  0  0  0  0  0  0  0  0
    0.4582   -1.9074   -1.1661 H   0  0  0  0  0  0  0  0  0  0  0  0
    2.7716    6.3333    5.7065 H   0  0  0  0  0  0  0  0  0  0  0  0
    1.6274    7.4494    5.4014 H   0  0  0  0  0  0  0  0  0  0  0  0
    0.4625    6.9357    2.0172 H   0  0  0  0  0  0  0  0  0  0  0  0
   -0.7706    5.0011    5.6694 H   0  0  0  0  0  0  0  0  0  0  0  0
   -1.9009    7.2432    1.3897 H   0  0  0  0  0  0  0  0  0  0  0  0
   -3.1202    5.3050    5.0389 H   0  0  0  0  0  0  0  0  0  0  0  0
   -4.5347    6.0907    3.5208 H   0  0  0  0  0  0  0  0  0  0  0  0
  1 10  1  0  0  0  0
  1 11  1  0  0  0  0
  2 14  2  0  0  0  0
  3 17  1  0  0  0  0
  3 37  1  0  0  0  0
  4 17  2  0  0  0  0
  5 18  2  0  0  0  0
  6 25  1  0  0  0  0
  6 44  1  0  0  0  0
  7 10  1  0  0  0  0
  7 12  1  0  0  0  0
  7 14  1  0  0  0  0
  8 13  1  0  0  0  0
  8 18  1  0  0  0  0
  8 35  1  0  0  0  0
  9 19  1  0  0  0  0
  9 38  1  0  0  0  0
  9 39  1  0  0  0  0
 10 13  1  0  0  0  0
 10 26  1  0  0  0  0
 11 12  1  0  0  0  0
 11 15  1  0  0  0  0
 11 16  1  0  0  0  0
 12 17  1  0  0  0  0
 12 27  1  0  0  0  0
 13 14  1  0  0  0  0
 13 28  1  0  0  0  0
 15 29  1  0  0  0  0
 15 30  1  0  0  0  0
 15 31  1  0  0  0  0
 16 32  1  0  0  0  0
 16 33  1  0  0  0  0
 16 34  1  0  0  0  0
 18 19  1  0  0  0  0
 19 20  1  0  0  0  0
 19 36  1  0  0  0  0
 20 21  2  0  0  0  0
 20 22  1  0  0  0  0
 21 23  1  0  0  0  0
 21 40  1  0  0  0  0
 22 24  2  0  0  0  0
 22 41  1  0  0  0  0
 23 25  2  0  0  0  0
 23 42  1  0  0  0  0
 24 25  1  0  0  0  0
 24 43  1  0  0  0  0
M  END

