  WLViewer          3D                             0

 74 77  0  0  0  0  0  0  0  0  0
   -6.0616    2.1817   -0.8595 C   0  0  0  0  0  0
   -5.0255    1.5912    0.1716 C   0  0  0  0  0  0
   -4.9598    0.0096    0.0158 C   0  0  0  0  0  0
   -6.2324   -0.7883   -0.2520 C   0  0  0  0  0  0
   -7.2006   -0.0505   -1.2480 C   0  0  0  0  0  0
   -7.4347    1.4420   -0.7932 C   0  0  0  0  0  0
   -3.8030   -0.6916    0.1571 C   0  0  0  0  0  0
   -2.4310   -0.0513    0.4137 C   0  0  0  0  0  0
   -2.5805    1.4462    0.9224 C   0  0  0  0  0  0
   -3.5858    2.2096   -0.0594 C   0  0  0  0  0  0
   -3.5944    3.7899    0.2691 C   0  0  0  0  0  0
   -2.1137    4.3778    0.2236 C   0  0  0  0  0  0
   -1.2006    3.6407    1.2932 C   0  0  0  0  0  0
   -1.1934    2.1128    0.9129 C   0  0  0  0  0  0
    0.3949    3.8122    1.0325 C   0  0  0  0  0  0
   -0.1309    1.4828    1.8698 C   0  0  0  0  0  0
    0.9595    2.6378    1.9851 C   0  0  0  0  0  0
   -5.5861    1.9546    1.7043 C   0  0  0  0  0  0
   -1.7273    3.9114    2.8580 C   0  0  0  0  0  0
   -8.4200   -0.7341   -1.2546 O   0  0  0  0  0  0
    1.1960    5.2550    0.9877 C   0  0  0  0  0  0
    1.3174    6.1483    2.3009 C   0  0  0  0  0  0
    2.5478    5.2759    0.0393 C   0  0  0  0  0  0
    3.9060    4.4325    0.2875 C   0  0  0  0  0  0
    4.8510    4.8706    1.4467 C   0  0  0  0  0  0
    5.8379    3.7596    1.8023 C   0  0  0  0  0  0
    6.8150    3.4505    0.6369 C   0  0  0  0  0  0
    6.6469    4.2119    3.0200 C   0  0  0  0  0  0
   -6.2058    3.1497   -0.6544 H   0  0  0  0  0  0
   -5.6883    2.0880   -1.7825 H   0  0  0  0  0  0
   -5.9807   -1.6730   -0.6444 H   0  0  0  0  0  0
   -6.7106   -0.9313    0.6145 H   0  0  0  0  0  0
   -6.7964   -0.0385   -2.1626 H   0  0  0  0  0  0
   -8.0897    1.8852   -1.4052 H   0  0  0  0  0  0
   -7.7865    1.4611    0.1427 H   0  0  0  0  0  0
   -3.8489   -1.6883    0.0896 H   0  0  0  0  0  0
   -1.9473   -0.5845    1.1077 H   0  0  0  0  0  0
   -1.9053   -0.0555   -0.4369 H   0  0  0  0  0  0
   -2.9437    1.4780    1.8536 H   0  0  0  0  0  0
   -3.3032    2.0996   -1.0123 H   0  0  0  0  0  0
   -3.9776    3.9342    1.1814 H   0  0  0  0  0  0
   -4.1573    4.2636   -0.4082 H   0  0  0  0  0  0
   -1.7308    4.2391   -0.6897 H   0  0  0  0  0  0
   -2.1400    5.3561    0.4294 H   0  0  0  0  0  0
   -0.9422    1.9637   -0.0435 H   0  0  0  0  0  0
    0.5929    3.7570    0.0539 H   0  0  0  0  0  0
    0.2630    0.6526    1.4755 H   0  0  0  0  0  0
   -0.5291    1.2719    2.7626 H   0  0  0  0  0  0
    1.0407    2.9558    2.9297 H   0  0  0  0  0  0
    1.8504    2.3177    1.6629 H   0  0  0  0  0  0
   -4.9505    1.5934    2.3866 H   0  0  0  0  0  0
   -6.4870    1.5412    1.8369 H   0  0  0  0  0  0
   -5.6567    2.9468    1.8074 H   0  0  0  0  0  0
   -1.1284    3.4322    3.4995 H   0  0  0  0  0  0
   -2.6626    3.5720    2.9588 H   0  0  0  0  0  0
   -1.7063    4.8922    3.0523 H   0  0  0  0  0  0
   -9.0322   -0.2627   -1.8508 H   0  0  0  0  0  0
    0.4882    5.7743    0.5087 H   0  0  0  0  0  0
    1.8307    6.9807    2.0921 H   0  0  0  0  0  0
    1.7948    5.6327    3.0124 H   0  0  0  0  0  0
    0.4032    6.3932    2.6238 H   0  0  0  0  0  0
    2.2329    5.0012   -0.8692 H   0  0  0  0  0  0
    2.8359    6.2333    0.0173 H   0  0  0  0  0  0
    3.6373    3.4862    0.4673 H   0  0  0  0  0  0
    4.4378    4.4736   -0.5584 H   0  0  0  0  0  0
    5.3615    5.6821    1.1627 H   0  0  0  0  0  0
    4.3000    5.0879    2.2525 H   0  0  0  0  0  0
    5.3193    2.9260    1.9925 H   0  0  0  0  0  0
    7.4411    2.7206    0.9109 H   0  0  0  0  0  0
    7.3393    4.2724    0.4140 H   0  0  0  0  0  0
    6.2952    3.1592   -0.1662 H   0  0  0  0  0  0
    7.3007    3.4979    3.2704 H   0  0  0  0  0  0
    6.0286    4.3810    3.7876 H   0  0  0  0  0  0
    7.1410    5.0528    2.7990 H   0  0  0  0  0  0
  1  2  1  0  0  0
  2  3  1  0  0  0
  3  4  1  0  0  0
  4  5  1  0  0  0
  5  6  1  0  0  0
  6  1  1  0  0  0
  7  8  1  0  0  0
  8  9  1  0  0  0
  9 10  1  0  0  0
  2 10  1  0  0  0
  3  7  2  0  0  0
 11 12  1  0  0  0
 12 13  1  0  0  0
 13 14  1  0  0  0
  9 14  1  0  0  0
 10 11  1  0  0  0
 13 15  1  0  0  0
 16 17  1  0  0  0
 14 16  1  0  0  0
 15 17  1  0  0  0
  2 18  1  0  0  0
 13 19  1  0  0  0
  5 20  1  0  0  0
 15 21  1  0  0  0
 21 22  1  0  0  0
 21 23  1  0  0  0
 23 24  1  0  0  0
 24 25  1  0  0  0
 25 26  1  0  0  0
 26 27  1  0  0  0
 26 28  1  0  0  0
  1 29  1  0  0  0
  1 30  1  0  0  0
  4 31  1  0  0  0
  4 32  1  0  0  0
  5 33  1  0  0  0
  6 34  1  0  0  0
  6 35  1  0  0  0
  7 36  1  0  0  0
  8 37  1  0  0  0
  8 38  1  0  0  0
  9 39  1  0  0  0
 10 40  1  0  0  0
 11 41  1  0  0  0
 11 42  1  0  0  0
 12 43  1  0  0  0
 12 44  1  0  0  0
 14 45  1  0  0  0
 15 46  1  0  0  0
 16 47  1  0  0  0
 16 48  1  0  0  0
 17 49  1  0  0  0
 17 50  1  0  0  0
 18 51  1  0  0  0
 18 52  1  0  0  0
 18 53  1  0  0  0
 19 54  1  0  0  0
 19 55  1  0  0  0
 19 56  1  0  0  0
 20 57  1  0  0  0
 21 58  1  0  0  0
 22 59  1  0  0  0
 22 60  1  0  0  0
 22 61  1  0  0  0
 23 62  1  0  0  0
 23 63  1  0  0  0
 24 64  1  0  0  0
 24 65  1  0  0  0
 25 66  1  0  0  0
 25 67  1  0  0  0
 26 68  1  0  0  0
 27 69  1  0  0  0
 27 70  1  0  0  0
 27 71  1  0  0  0
 28 72  1  0  0  0
 28 73  1  0  0  0
 28 74  1  0  0  0
M  END

