72625
  -OEChem-10141516433D

 56 56  0     1  0  0  0  0  0999 V2000
   -0.6925    3.2306   -1.8085 O   0  0  0  0  0  0  0  0  0  0  0  0
   -2.4722    1.2001   -2.0892 O   0  0  0  0  0  0  0  0  0  0  0  0
    0.7360   -1.7212   -0.0815 O   0  0  0  0  0  0  0  0  0  0  0  0
    1.5345    2.9644   -0.3211 O   0  0  0  0  0  0  0  0  0  0  0  0
    2.4511    0.4195    1.9424 O   0  0  0  0  0  0  0  0  0  0  0  0
   -0.7082    2.2189   -0.8035 C   0  0  2  0  0  0  0  0  0  0  0  0
   -1.3061    0.9643   -1.3835 C   0  0  0  0  0  0  0  0  0  0  0  0
   -1.5126    2.7163    0.3986 C   0  0  0  0  0  0  0  0  0  0  0  0
    0.7492    2.0186   -0.3898 C   0  0  0  0  0  0  0  0  0  0  0  0
   -0.7728   -0.2602   -1.1991 C   0  0  0  0  0  0  0  0  0  0  0  0
    1.1967    0.6441   -0.0229 C   0  0  0  0  0  0  0  0  0  0  0  0
    0.4455   -0.4069   -0.3965 C   0  0  0  0  0  0  0  0  0  0  0  0
    3.7232    0.3270   -0.1184 C   0  0  0  0  0  0  0  0  0  0  0  0
    2.4611    0.4724    0.7145 C   0  0  0  0  0  0  0  0  0  0  0  0
    4.7777   -0.5851    0.5279 C   0  0  0  0  0  0  0  0  0  0  0  0
   -1.3356   -1.5280   -1.7956 C   0  0  0  0  0  0  0  0  0  0  0  0
   -1.6479    1.6440    1.4361 C   0  0  0  0  0  0  0  0  0  0  0  0
    4.1853   -1.9725    0.7823 C   0  0  0  0  0  0  0  0  0  0  0  0
    6.0246   -0.7076   -0.3514 C   0  0  0  0  0  0  0  0  0  0  0  0
   -2.2212   -2.2409   -0.8262 C   0  0  0  0  0  0  0  0  0  0  0  0
   -2.7795    1.0603    1.8744 C   0  0  0  0  0  0  0  0  0  0  0  0
   -2.0490   -3.4713   -0.3055 C   0  0  0  0  0  0  0  0  0  0  0  0
   -2.8485   -0.0143    2.9221 C   0  0  0  0  0  0  0  0  0  0  0  0
   -4.1143    1.4600    1.3041 C   0  0  0  0  0  0  0  0  0  0  0  0
   -2.9788   -4.1368    0.6692 C   0  0  0  0  0  0  0  0  0  0  0  0
   -0.8456   -4.2957   -0.6787 C   0  0  0  0  0  0  0  0  0  0  0  0
   -0.9933    3.5671    0.8616 H   0  0  0  0  0  0  0  0  0  0  0  0
   -2.4677    3.1379    0.0721 H   0  0  0  0  0  0  0  0  0  0  0  0
    4.1377    1.3320   -0.2606 H   0  0  0  0  0  0  0  0  0  0  0  0
    3.4571   -0.0631   -1.1087 H   0  0  0  0  0  0  0  0  0  0  0  0
    5.0800   -0.1594    1.4930 H   0  0  0  0  0  0  0  0  0  0  0  0
   -1.9621   -1.2721   -2.6616 H   0  0  0  0  0  0  0  0  0  0  0  0
   -0.5349   -2.1273   -2.2334 H   0  0  0  0  0  0  0  0  0  0  0  0
   -0.7230    1.3365    1.9206 H   0  0  0  0  0  0  0  0  0  0  0  0
   -0.2570    2.8683   -2.5996 H   0  0  0  0  0  0  0  0  0  0  0  0
    3.7586   -2.3999   -0.1315 H   0  0  0  0  0  0  0  0  0  0  0  0
    4.9604   -2.6603    1.1391 H   0  0  0  0  0  0  0  0  0  0  0  0
    3.4098   -1.9516    1.5527 H   0  0  0  0  0  0  0  0  0  0  0  0
    6.4679    0.2776   -0.5307 H   0  0  0  0  0  0  0  0  0  0  0  0
    5.7838   -1.1530   -1.3226 H   0  0  0  0  0  0  0  0  0  0  0  0
    6.7825   -1.3334    0.1313 H   0  0  0  0  0  0  0  0  0  0  0  0
   -3.1121   -1.6917   -0.5219 H   0  0  0  0  0  0  0  0  0  0  0  0
   -2.6286    2.1596   -2.1080 H   0  0  0  0  0  0  0  0  0  0  0  0
    1.5019   -1.7385    0.5130 H   0  0  0  0  0  0  0  0  0  0  0  0
   -3.4728    0.3101    3.7606 H   0  0  0  0  0  0  0  0  0  0  0  0
   -3.2723   -0.9321    2.5018 H   0  0  0  0  0  0  0  0  0  0  0  0
   -1.8560   -0.2560    3.3168 H   0  0  0  0  0  0  0  0  0  0  0  0
   -4.0661    1.8964    0.3049 H   0  0  0  0  0  0  0  0  0  0  0  0
   -4.6131    2.1667    1.9749 H   0  0  0  0  0  0  0  0  0  0  0  0
   -4.7579    0.5778    1.2068 H   0  0  0  0  0  0  0  0  0  0  0  0
   -2.4514   -4.3732    1.5989 H   0  0  0  0  0  0  0  0  0  0  0  0
   -3.8268   -3.4914    0.9209 H   0  0  0  0  0  0  0  0  0  0  0  0
   -3.3776   -5.0641    0.2458 H   0  0  0  0  0  0  0  0  0  0  0  0
   -1.1732   -5.2902   -1.0038 H   0  0  0  0  0  0  0  0  0  0  0  0
   -0.2029   -4.4288    0.1985 H   0  0  0  0  0  0  0  0  0  0  0  0
   -0.2259   -3.9071   -1.4851 H   0  0  0  0  0  0  0  0  0  0  0  0
  1  6  1  0  0  0  0
  1 35  1  0  0  0  0
  2  7  1  0  0  0  0
  2 43  1  0  0  0  0
  3 12  1  0  0  0  0
  3 44  1  0  0  0  0
  4  9  2  0  0  0  0
  5 14  2  0  0  0  0
  6  7  1  0  0  0  0
  6  8  1  0  0  0  0
  6  9  1  0  0  0  0
  7 10  2  0  0  0  0
  8 17  1  0  0  0  0
  8 27  1  0  0  0  0
  8 28  1  0  0  0  0
  9 11  1  0  0  0  0
 10 12  1  0  0  0  0
 10 16  1  0  0  0  0
 11 12  2  0  0  0  0
 11 14  1  0  0  0  0
 13 14  1  0  0  0  0
 13 15  1  0  0  0  0
 13 29  1  0  0  0  0
 13 30  1  0  0  0  0
 15 18  1  0  0  0  0
 15 19  1  0  0  0  0
 15 31  1  0  0  0  0
 16 20  1  0  0  0  0
 16 32  1  0  0  0  0
 16 33  1  0  0  0  0
 17 21  2  0  0  0  0
 17 34  1  0  0  0  0
 18 36  1  0  0  0  0
 18 37  1  0  0  0  0
 18 38  1  0  0  0  0
 19 39  1  0  0  0  0
 19 40  1  0  0  0  0
 19 41  1  0  0  0  0
 20 22  2  0  0  0  0
 20 42  1  0  0  0  0
 21 23  1  0  0  0  0
 21 24  1  0  0  0  0
 22 25  1  0  0  0  0
 22 26  1  0  0  0  0
 23 45  1  0  0  0  0
 23 46  1  0  0  0  0
 23 47  1  0  0  0  0
 24 48  1  0  0  0  0
 24 49  1  0  0  0  0
 24 50  1  0  0  0  0
 25 51  1  0  0  0  0
 25 52  1  0  0  0  0
 25 53  1  0  0  0  0
 26 54  1  0  0  0  0
 26 55  1  0  0  0  0
 26 56  1  0  0  0  0
M  END
> <PUBCHEM_COMPOUND_CID>
72625

> <PUBCHEM_CONFORMER_RMSD>
0.8

> <PUBCHEM_CONFORMER_DIVERSEORDER>
12
37
294
257
154
39
231
184
85
158
113
253
313
53
64
217
286
103
258
135
314
307
202
146
131
125
235
78
69
166
302
133
205
63
306
281
181
92
89
238
153
216
170
173
149
180
319
249
315
331
265
260
157
266
117
207
59
145
132
129
312
195
287
147
299
46
325
81
303
177
311
229
300
219
163
165
234
104
327
252
222
9
244
289
237
298
42
54
91
251
226
197
142
267
213
334
58
236
329
208
200
109
23
141
188
169
49
162
93
225
127
168
198
233
36
272
254
161
182
305
242
29
134
77
5
47
156
38
138
178
82
293
175
277
227
83
333
275
159
276
210
116
106
292
97
45
52
194
263
215
137
323
140
274
297
296
144
70
7
136
317
139
193
230
185
114
121
118
43
259
285
268
24
155
203
246
271
62
187
332
3
75
204
115
95
171
57
224
239
261
101
196
123
283
34
128
291
328
110
241
309
284
322
269
1
122
84
186
79
201
324
172
124
288
190
30
316
270
214
112
130
240
335
150
19
40
80
66
22
248
321
280
326
67
282
102
320
250
221
71
160
6
256
218
126
273
41
174
143
28
151
192
68
90
74
308
164
14
27
51
318
55
304
189
35
56
223
50
32
330
25
18
228
105
212
148
279
264
33
99
11
232
87
301
73
86
255
119
17
290
152
96
167
245
88
20
13
26
191
61
206
310
211
243
60
209
247
199
262
278
94
65
72
98
76
100
107
31
120
21
176
179
220
183
111
295
16
8
44
108
48
2
10
15
4

> <PUBCHEM_MMFF94_PARTIAL_CHARGES>
28
1 -0.68
10 -0.14
11 0.03
12 0.08
13 0.06
14 0.49
16 0.28
17 -0.29
2 -0.53
20 -0.29
21 -0.28
22 -0.28
23 0.14
24 0.14
25 0.14
26 0.14
3 -0.53
34 0.15
35 0.4
4 -0.57
42 0.15
43 0.45
44 0.45
5 -0.57
6 0.48
7 -0.06
8 0.14
9 0.49

> <PUBCHEM_EFFECTIVE_ROTOR_COUNT>
7.2

> <PUBCHEM_PHARMACOPHORE_FEATURES>
11
1 1 acceptor
1 1 donor
1 11 anion
1 2 donor
1 3 donor
1 4 acceptor
1 5 acceptor
3 15 18 19 hydrophobe
3 21 23 24 hydrophobe
3 22 25 26 hydrophobe
6 6 7 9 10 11 12 rings

> <PUBCHEM_HEAVY_ATOM_COUNT>
26

> <PUBCHEM_ATOM_DEF_STEREO_COUNT>
1

> <PUBCHEM_ATOM_UDEF_STEREO_COUNT>
0

> <PUBCHEM_BOND_DEF_STEREO_COUNT>
0

> <PUBCHEM_BOND_UDEF_STEREO_COUNT>
0

> <PUBCHEM_ISOTOPIC_ATOM_COUNT>
0

> <PUBCHEM_COMPONENT_COUNT>
1

> <PUBCHEM_CACTVS_TAUTO_COUNT>
19

> <PUBCHEM_CONFORMER_ID>
00011BB10000000C

> <PUBCHEM_MMFF94_ENERGY>
50.1142

> <PUBCHEM_FEATURE_SELFOVERLAP>
55.834

> <PUBCHEM_SHAPE_FINGERPRINT>
10291535 26 9655284926451724722
11421498 54 17187016825951482163
12553582 1 18047452702884953502
12597179 24 17756142289805474709
13009979 54 18126580143339797010
13135754 10 18201174229331000486
13140716 1 18340766056471186068
13533116 47 17259055728519851447
13583140 156 17386006105660758244
14866123 147 18341612564682554754
15295992 7 16702012089389287216
15475509 84 17980493570351149563
16945 1 18047152381116708861
19591789 44 18052258397320658414
20600515 1 18338510971207798295
20771845 38 18053098415609531674
20775530 9 18122050164171442066
21041028 32 18054795258414099151
21202864 24 18343029865081892434
21304304 249 18341343249184975107
229495 10 17825118257677619869
23419403 2 17553730226172263497
23559900 14 18268685317788293464
2818148 4 18265348376716567596
35225 105 17845642677807941939
427121 178 16985788309830405961
469060 322 18188202229937835504
484985 159 18408316692154605610
5104073 3 18200580472441997522
5486654 36 18339082691579694794
81228 2 18198316598435797998
9981440 41 17686879641139407288

> <PUBCHEM_SHAPE_MULTIPOLES>
505.72
7.56
4.71
2.01
12.27
4.38
-0.55
2.43
-3.19
-4.38
0.9
-1.96
-0.7
-0.76

> <PUBCHEM_SHAPE_SELFOVERLAP>
1032.446

> <PUBCHEM_SHAPE_VOLUME>
293.4

> <PUBCHEM_COORDINATE_TYPE>
2
5
10

$$$$
