  ACD/Labs03170821403D

173172  0  0  0  0  0  0  0  0  1 V2000
    9.8013  -17.9079   -2.8371 C   0  0  0  0  0  0  0  0  0  8  0  0
    9.5966  -19.0550   -2.5113 O   0  0  0  0  0  0  0  0  0  9  0  0
    9.4123  -17.4901   -4.0803 O   0  0  0  0  0  0  0  0  0 10  0  0
    8.8549  -16.2107   -4.3629 C   0  0  0  0  0  0  0  0  0 21  0  0
   19.0296  -11.9207   -4.0028 C   0  0  0  0  0  0  0  0  0 22  0  0
   17.5698  -12.0615   -3.6325 C   0  0  0  0  0  0  0  0  0 23  0  0
   16.8658  -12.8196   -4.7391 C   0  0  0  0  0  0  0  0  0 24  0  0
   15.4110  -13.0379   -4.4040 C   0  0  0  0  0  0  0  0  0 25  0  0
   14.7483  -13.8765   -5.4765 C   0  0  0  0  0  0  0  0  0 26  0  0
   13.3310  -14.1749   -5.0568 C   0  0  0  0  0  0  0  0  0 27  0  0
   12.6211  -15.0630   -6.0535 C   0  0  0  0  0  0  0  0  0 28  0  0
   11.2204  -15.2355   -5.5707 C   0  0  0  0  0  0  0  0  0 29  0  0
   10.8837  -14.7146   -4.5318 O   0  0  0  0  0  0  0  0  0 30  0  0
   10.3079  -15.9390   -6.2869 O   0  0  0  0  0  0  0  0  0 31  0  0
   19.8432  -11.3009   -2.8862 C   0  0  0  0  0  0  0  0  0 32  0  0
   21.3137  -11.4020   -3.2485 C   0  0  0  0  0  0  0  0  0 33  0  0
   22.1729  -10.5758   -2.3130 C   0  0  0  0  0  0  0  0  0 34  0  0
   23.6270  -10.5905   -2.7551 C   0  0  0  0  0  0  0  0  0 35  0  0
   24.4820  -10.0672   -1.6180 C   0  0  0  0  0  0  0  0  0 36  0  0
   25.9370   -9.8720   -2.0039 C   0  0  0  0  0  0  0  0  0 37  0  0
   26.6762   -9.3152   -0.7977 C   0  0  0  0  0  0  0  0  0 38  0  0
   28.1628   -9.1369   -1.0551 C   0  0  0  0  0  0  0  0  0 39  0  0
   28.7923   -8.3742    0.1038 C   0  0  0  0  0  0  0  0  0 40  0  0
   30.2455   -8.0233   -0.1870 C   0  0  0  0  0  0  0  0  0 41  0  0
    8.9532  -15.8912   -5.8634 C   0  0  0  0  0  0  0  0  0 42  0  0
    8.3938  -14.4881   -6.1356 C   0  0  0  0  0  0  0  0  0 43  0  0
    8.5782  -14.1168   -7.4983 O   0  0  0  0  0  0  0  0  0 44  0  0
    9.4815  -12.8951   -9.1254 O   0  0  0  0  0  0  0  0  0 45  0  0
    9.4122  -13.1235   -7.9390 C   0  0  0  0  0  0  0  0  0 46  0  0
   10.2594  -12.3057   -6.9853 C   0  0  0  0  0  0  0  0  0 47  0  0
   11.4107  -11.6169   -7.7205 C   0  0  0  0  0  0  0  0  0 48  0  0
   12.2260  -10.7434   -6.7687 C   0  0  0  0  0  0  0  0  0 49  0  0
   13.5449  -10.3070   -7.3974 C   0  0  0  0  0  0  0  0  0 50  0  0
   14.4006   -9.5404   -6.3946 C   0  0  0  0  0  0  0  0  0 51  0  0
   15.8012   -9.2909   -6.9496 C   0  0  0  0  0  0  0  0  0 52  0  0
   16.7044   -8.6201   -5.9162 C   0  0  0  0  0  0  0  0  0 53  0  0
   18.1233   -8.4303   -6.4547 C   0  0  0  0  0  0  0  0  0 54  0  0
   19.0070   -7.7806   -5.3932 C   0  0  0  0  0  0  0  0  0 55  0  0
   20.4529   -7.6204   -5.8437 C   0  0  0  0  0  0  0  0  0 56  0  0
   21.2766   -6.9820   -4.7328 C   0  0  0  0  0  0  0  0  0 57  0  0
   22.7396   -6.9902   -5.1320 C   0  0  0  0  0  0  0  0  0 58  0  0
   23.6599   -6.4474   -4.0510 C   0  0  0  0  0  0  0  0  0 59  0  0
   25.0939   -6.5789   -4.5430 C   0  0  0  0  0  0  0  0  0 60  0  0
   26.0799   -6.0879   -3.4959 C   0  0  0  0  0  0  0  0  0 61  0  0
    7.7829  -16.2079   -4.0628 H   0  0  0  0  0  0  0  0  0  0  0  0
    9.3989  -15.4316   -3.7870 H   0  0  0  0  0  0  0  0  0  0  0  0
   19.4376  -12.9348   -4.2158 H   0  0  0  0  0  0  0  0  0  0  0  0
   19.1164  -11.2888   -4.9133 H   0  0  0  0  0  0  0  0  0  0  0  0
   17.4924  -12.6468   -2.6884 H   0  0  0  0  0  0  0  0  0  0  0  0
   17.1038  -11.0604   -3.4888 H   0  0  0  0  0  0  0  0  0  0  0  0
   16.9352  -12.2313   -5.6822 H   0  0  0  0  0  0  0  0  0  0  0  0
   17.3607  -13.8051   -4.8827 H   0  0  0  0  0  0  0  0  0  0  0  0
   15.3449  -13.5827   -3.4346 H   0  0  0  0  0  0  0  0  0  0  0  0
   14.8924  -12.0582   -4.3144 H   0  0  0  0  0  0  0  0  0  0  0  0
   14.7332  -13.3026   -6.4309 H   0  0  0  0  0  0  0  0  0  0  0  0
   15.3104  -14.8255   -5.6239 H   0  0  0  0  0  0  0  0  0  0  0  0
   13.3571  -14.6977   -4.0744 H   0  0  0  0  0  0  0  0  0  0  0  0
   12.7698  -13.2209   -4.9525 H   0  0  0  0  0  0  0  0  0  0  0  0
   12.6060  -14.5590   -7.0467 H   0  0  0  0  0  0  0  0  0  0  0  0
   13.1338  -16.0472   -6.1419 H   0  0  0  0  0  0  0  0  0  0  0  0
   19.5621  -10.2274   -2.7878 H   0  0  0  0  0  0  0  0  0  0  0  0
   21.6228  -12.4691   -3.1705 H   0  0  0  0  0  0  0  0  0  0  0  0
   22.1062  -11.0095   -1.2899 H   0  0  0  0  0  0  0  0  0  0  0  0
   21.8035   -9.5264   -2.2935 H   0  0  0  0  0  0  0  0  0  0  0  0
   23.9295  -11.6391   -2.9775 H   0  0  0  0  0  0  0  0  0  0  0  0
   23.7570   -9.9645   -3.6674 H   0  0  0  0  0  0  0  0  0  0  0  0
   24.0687   -9.0849   -1.2964 H   0  0  0  0  0  0  0  0  0  0  0  0
   24.4303  -10.7843   -0.7703 H   0  0  0  0  0  0  0  0  0  0  0  0
   26.3783  -10.8568   -2.2854 H   0  0  0  0  0  0  0  0  0  0  0  0
   26.0194   -9.1733   -2.8652 H   0  0  0  0  0  0  0  0  0  0  0  0
   26.2399   -8.3203   -0.5519 H   0  0  0  0  0  0  0  0  0  0  0  0
   28.6404  -10.1422   -1.1330 H   0  0  0  0  0  0  0  0  0  0  0  0
   28.3195   -8.5794   -2.0043 H   0  0  0  0  0  0  0  0  0  0  0  0
   28.2270   -7.4263    0.2555 H   0  0  0  0  0  0  0  0  0  0  0  0
   30.6892   -7.4892    0.6809 H   0  0  0  0  0  0  0  0  0  0  0  0
   30.2867   -7.3663   -1.0827 H   0  0  0  0  0  0  0  0  0  0  0  0
   30.8318   -8.9472   -0.3817 H   0  0  0  0  0  0  0  0  0  0  0  0
    8.3798  -16.6562   -6.4352 H   0  0  0  0  0  0  0  0  0  0  0  0
    7.3046  -14.4920   -5.9111 H   0  0  0  0  0  0  0  0  0  0  0  0
    8.9024  -13.7474   -5.4807 H   0  0  0  0  0  0  0  0  0  0  0  0
    9.6176  -11.5268   -6.5184 H   0  0  0  0  0  0  0  0  0  0  0  0
   10.6775  -12.9673   -6.1950 H   0  0  0  0  0  0  0  0  0  0  0  0
   12.0752  -12.4021   -8.1473 H   0  0  0  0  0  0  0  0  0  0  0  0
   11.0048  -10.9909   -8.5453 H   0  0  0  0  0  0  0  0  0  0  0  0
   11.6285   -9.8368   -6.5141 H   0  0  0  0  0  0  0  0  0  0  0  0
   12.4345  -11.3147   -5.8396 H   0  0  0  0  0  0  0  0  0  0  0  0
   14.1021  -11.2190   -7.7116 H   0  0  0  0  0  0  0  0  0  0  0  0
   13.3471   -9.6695   -8.2875 H   0  0  0  0  0  0  0  0  0  0  0  0
   13.9161   -8.5602   -6.1859 H   0  0  0  0  0  0  0  0  0  0  0  0
   14.4790  -10.1215   -5.4487 H   0  0  0  0  0  0  0  0  0  0  0  0
   16.2543  -10.2688   -7.2268 H   0  0  0  0  0  0  0  0  0  0  0  0
   15.7328   -8.6446   -7.8520 H   0  0  0  0  0  0  0  0  0  0  0  0
   16.2821   -7.6210   -5.6637 H   0  0  0  0  0  0  0  0  0  0  0  0
   16.7425   -9.2459   -4.9977 H   0  0  0  0  0  0  0  0  0  0  0  0
   18.5436   -9.4280   -6.7129 H   0  0  0  0  0  0  0  0  0  0  0  0
   18.0955   -7.7937   -7.3670 H   0  0  0  0  0  0  0  0  0  0  0  0
   18.5971   -6.7735   -5.1621 H   0  0  0  0  0  0  0  0  0  0  0  0
   18.9892   -8.4094   -4.4762 H   0  0  0  0  0  0  0  0  0  0  0  0
   20.8732   -8.6269   -6.0693 H   0  0  0  0  0  0  0  0  0  0  0  0
   20.5075   -6.9858   -6.7553 H   0  0  0  0  0  0  0  0  0  0  0  0
   20.9425   -5.9301   -4.5886 H   0  0  0  0  0  0  0  0  0  0  0  0
   21.1314   -7.5502   -3.7880 H   0  0  0  0  0  0  0  0  0  0  0  0
   23.0347   -8.0417   -5.3351 H   0  0  0  0  0  0  0  0  0  0  0  0
   22.8607   -6.3773   -6.0534 H   0  0  0  0  0  0  0  0  0  0  0  0
   23.4293   -5.3718   -3.8790 H   0  0  0  0  0  0  0  0  0  0  0  0
   23.5300   -7.0116   -3.0980 H   0  0  0  0  0  0  0  0  0  0  0  0
   25.2942   -7.6487   -4.7679 H   0  0  0  0  0  0  0  0  0  0  0  0
   25.2243   -5.9919   -5.4761 H   0  0  0  0  0  0  0  0  0  0  0  0
   27.5153   -6.4885   -3.8349 C   0  0  0  0  0  0  0  0  0  0  0  0
   25.8004   -6.5294   -2.5145 H   0  0  0  0  0  0  0  0  0  0  0  0
   26.0186   -4.9791   -3.4349 H   0  0  0  0  0  0  0  0  0  0  0  0
   19.6454  -11.8236   -1.9234 H   0  0  0  0  0  0  0  0  0  0  0  0
   21.4603  -11.0496   -4.2929 H   0  0  0  0  0  0  0  0  0  0  0  0
   10.5175  -16.9831   -1.8718 C   0  0  0  0  0  0  0  0  0 47  0  0
   11.8365  -17.5998   -1.3990 C   0  0  0  0  0  0  0  0  0 48  0  0
   12.5651  -16.6843   -0.4124 C   0  0  0  0  0  0  0  0  0 49  0  0
   14.0129  -17.1263   -0.1875 C   0  0  0  0  0  0  0  0  0 50  0  0
   14.7749  -16.0837    0.6289 C   0  0  0  0  0  0  0  0  0 51  0  0
   16.2845  -16.3152    0.5844 C   0  0  0  0  0  0  0  0  0 52  0  0
   17.0296  -15.1152    1.1675 C   0  0  0  0  0  0  0  0  0 53  0  0
   18.5380  -15.2343    0.9677 C   0  0  0  0  0  0  0  0  0 54  0  0
   19.2620  -13.9894    1.4784 C   0  0  0  0  0  0  0  0  0 55  0  0
   20.7682  -14.0893    1.2435 C   0  0  0  0  0  0  0  0  0 56  0  0
   21.5223  -12.8968    1.8286 C   0  0  0  0  0  0  0  0  0 57  0  0
   23.0221  -13.0417    1.5805 C   0  0  0  0  0  0  0  0  0 58  0  0
   23.8417  -11.9899    2.3248 C   0  0  0  0  0  0  0  0  0 59  0  0
   25.3332  -12.2172    2.0883 C   0  0  0  0  0  0  0  0  0 60  0  0
    9.8650  -16.8159   -0.9858 H   0  0  0  0  0  0  0  0  0  0  0  0
   10.7258  -16.0094   -2.3650 H   0  0  0  0  0  0  0  0  0  0  0  0
   12.4885  -17.7528   -2.2880 H   0  0  0  0  0  0  0  0  0  0  0  0
   11.6337  -18.5800   -0.9124 H   0  0  0  0  0  0  0  0  0  0  0  0
   12.0275  -16.7036    0.5618 H   0  0  0  0  0  0  0  0  0  0  0  0
   12.5634  -15.6460   -0.8112 H   0  0  0  0  0  0  0  0  0  0  0  0
   14.5066  -17.2243   -1.1796 H   0  0  0  0  0  0  0  0  0  0  0  0
   14.0360  -18.1070    0.3390 H   0  0  0  0  0  0  0  0  0  0  0  0
   14.4319  -16.1316    1.6874 H   0  0  0  0  0  0  0  0  0  0  0  0
   14.5558  -15.0744    0.2172 H   0  0  0  0  0  0  0  0  0  0  0  0
   16.5931  -16.4371   -0.4780 H   0  0  0  0  0  0  0  0  0  0  0  0
   16.5423  -17.2361    1.1538 H   0  0  0  0  0  0  0  0  0  0  0  0
   16.8162  -15.0579    2.2589 H   0  0  0  0  0  0  0  0  0  0  0  0
   16.6704  -14.1865    0.6718 H   0  0  0  0  0  0  0  0  0  0  0  0
   18.7436  -15.3410   -0.1216 H   0  0  0  0  0  0  0  0  0  0  0  0
   18.9152  -16.1319    1.5055 H   0  0  0  0  0  0  0  0  0  0  0  0
   19.0772  -13.8987    2.5735 H   0  0  0  0  0  0  0  0  0  0  0  0
   18.8649  -13.0892    0.9599 H   0  0  0  0  0  0  0  0  0  0  0  0
   20.9578  -14.1238    0.1456 H   0  0  0  0  0  0  0  0  0  0  0  0
   21.1485  -15.0231    1.7114 H   0  0  0  0  0  0  0  0  0  0  0  0
   21.3433  -12.8703    2.9285 H   0  0  0  0  0  0  0  0  0  0  0  0
   21.1528  -11.9526    1.3706 H   0  0  0  0  0  0  0  0  0  0  0  0
   23.2118  -12.9340    0.4876 H   0  0  0  0  0  0  0  0  0  0  0  0
   23.3477  -14.0520    1.9122 H   0  0  0  0  0  0  0  0  0  0  0  0
   23.6371  -12.0859    3.4156 H   0  0  0  0  0  0  0  0  0  0  0  0
   23.5547  -10.9704    1.9828 H   0  0  0  0  0  0  0  0  0  0  0  0
   25.5822  -13.2610    2.3839 H   0  0  0  0  0  0  0  0  0  0  0  0
   27.6756  -11.5127    2.6494 C   0  0  0  0  0  0  0  0  0  0  0  0
   26.1929  -11.2639    2.9120 C   0  0  0  0  0  0  0  0  0  0  0  0
   26.5336  -10.0011    0.0657 H   0  0  0  0  0  0  0  0  0  0  0  0
   28.7298   -8.9906    1.0278 H   0  0  0  0  0  0  0  0  0  0  0  0
   25.5606  -12.0752    1.0087 H   0  0  0  0  0  0  0  0  0  0  0  0
   25.9856  -11.4390    3.9921 H   0  0  0  0  0  0  0  0  0  0  0  0
   25.9401  -10.2121    2.6525 H   0  0  0  0  0  0  0  0  0  0  0  0
   28.5558  -10.5883    3.4861 C   0  0  0  0  0  0  0  0  0  0  0  0
   27.9125  -12.5666    2.9194 H   0  0  0  0  0  0  0  0  0  0  0  0
   27.8895  -11.3500    1.5698 H   0  0  0  0  0  0  0  0  0  0  0  0
   29.6291  -10.7656    3.2564 H   0  0  0  0  0  0  0  0  0  0  0  0
   28.3690  -10.7949    4.5622 H   0  0  0  0  0  0  0  0  0  0  0  0
   28.3165   -9.5252    3.2689 H   0  0  0  0  0  0  0  0  0  0  0  0
   27.7355   -6.2096   -4.8869 H   0  0  0  0  0  0  0  0  0  0  0  0
   28.4676   -5.7527   -2.9057 C   0  0  0  0  0  0  0  0  0  0  0  0
   27.6498   -7.5892   -3.7453 H   0  0  0  0  0  0  0  0  0  0  0  0
   28.1889   -5.9066   -1.8393 H   0  0  0  0  0  0  0  0  0  0  0  0
   29.4933   -6.1395   -3.0896 H   0  0  0  0  0  0  0  0  0  0  0  0
   28.4362   -4.6653   -3.1253 H   0  0  0  0  0  0  0  0  0  0  0  0
  4  3  1  0  0  0  0
  1  2  2  0  0  0  0
  1  3  1  0  0  0  0
 25  4  1  0  0  0  0
 25 14  1  0  0  0  0
  5  6  1  0  0  0  0
  6  7  1  0  0  0  0
  7  8  1  0  0  0  0
  8  9  1  0  0  0  0
  9 10  1  0  0  0  0
 10 11  1  0  0  0  0
 11 12  1  0  0  0  0
 12 13  2  0  0  0  0
 12 14  1  0  0  0  0
  5 15  1  0  0  0  0
 15 16  1  0  0  0  0
 16 17  1  0  0  0  0
 17 18  1  0  0  0  0
 18 19  1  0  0  0  0
 19 20  1  0  0  0  0
 20 21  1  0  0  0  0
 21 22  1  0  0  0  0
 22 23  1  0  0  0  0
 23 24  1  0  0  0  0
 26 25  1  0  0  0  0
 27 26  1  0  0  0  0
 29 27  1  0  0  0  0
 29 28  2  0  0  0  0
 30 29  1  0  0  0  0
 31 30  1  0  0  0  0
 32 31  1  0  0  0  0
 33 32  1  0  0  0  0
 34 33  1  0  0  0  0
 35 34  1  0  0  0  0
 36 35  1  0  0  0  0
 37 36  1  0  0  0  0
 38 37  1  0  0  0  0
 39 38  1  0  0  0  0
 40 39  1  0  0  0  0
 41 40  1  0  0  0  0
 42 41  1  0  0  0  0
 43 42  1  0  0  0  0
 44 43  1  0  0  0  0
  4 45  1  0  0  0  0
  4 46  1  0  0  0  0
  5 47  1  0  0  0  0
  5 48  1  0  0  0  0
  6 49  1  0  0  0  0
  6 50  1  0  0  0  0
  7 51  1  0  0  0  0
  7 52  1  0  0  0  0
  8 53  1  0  0  0  0
  8 54  1  0  0  0  0
  9 55  1  0  0  0  0
  9 56  1  0  0  0  0
 10 57  1  0  0  0  0
 10 58  1  0  0  0  0
 11 59  1  0  0  0  0
 11 60  1  0  0  0  0
 15 61  1  0  0  0  0
 16 62  1  0  0  0  0
 17 63  1  0  0  0  0
 17 64  1  0  0  0  0
 18 65  1  0  0  0  0
 18 66  1  0  0  0  0
 19 67  1  0  0  0  0
 19 68  1  0  0  0  0
 20 69  1  0  0  0  0
 20 70  1  0  0  0  0
 21 71  1  0  0  0  0
 22 72  1  0  0  0  0
 22 73  1  0  0  0  0
 23 74  1  0  0  0  0
 24 75  1  0  0  0  0
 24 76  1  0  0  0  0
 24 77  1  0  0  0  0
 25 78  1  0  0  0  0
 26 79  1  0  0  0  0
 26 80  1  0  0  0  0
 30 81  1  0  0  0  0
 30 82  1  0  0  0  0
 31 83  1  0  0  0  0
 31 84  1  0  0  0  0
 32 85  1  0  0  0  0
 32 86  1  0  0  0  0
 33 87  1  0  0  0  0
 33 88  1  0  0  0  0
 34 89  1  0  0  0  0
 34 90  1  0  0  0  0
 35 91  1  0  0  0  0
 35 92  1  0  0  0  0
 36 93  1  0  0  0  0
 36 94  1  0  0  0  0
 37 95  1  0  0  0  0
 37 96  1  0  0  0  0
 38 97  1  0  0  0  0
 38 98  1  0  0  0  0
 39 99  1  0  0  0  0
 39100  1  0  0  0  0
 40101  1  0  0  0  0
 40102  1  0  0  0  0
 41103  1  0  0  0  0
 41104  1  0  0  0  0
 42105  1  0  0  0  0
 42106  1  0  0  0  0
 43107  1  0  0  0  0
 43108  1  0  0  0  0
 44109  1  0  0  0  0
 44110  1  0  0  0  0
 44111  1  0  0  0  0
112 15  1  0  0  0  0
113 16  1  0  0  0  0
115114  1  0  0  0  0
116115  1  0  0  0  0
117116  1  0  0  0  0
118117  1  0  0  0  0
119118  1  0  0  0  0
120119  1  0  0  0  0
121120  1  0  0  0  0
122121  1  0  0  0  0
123122  1  0  0  0  0
124123  1  0  0  0  0
125124  1  0  0  0  0
126125  1  0  0  0  0
127126  1  0  0  0  0
156127  1  0  0  0  0
114128  1  0  0  0  0
114129  1  0  0  0  0
115130  1  0  0  0  0
115131  1  0  0  0  0
116132  1  0  0  0  0
116133  1  0  0  0  0
117134  1  0  0  0  0
117135  1  0  0  0  0
118136  1  0  0  0  0
118137  1  0  0  0  0
119138  1  0  0  0  0
119139  1  0  0  0  0
120140  1  0  0  0  0
120141  1  0  0  0  0
121142  1  0  0  0  0
121143  1  0  0  0  0
122144  1  0  0  0  0
122145  1  0  0  0  0
123146  1  0  0  0  0
123147  1  0  0  0  0
124148  1  0  0  0  0
124149  1  0  0  0  0
125150  1  0  0  0  0
125151  1  0  0  0  0
126152  1  0  0  0  0
126153  1  0  0  0  0
127154  1  0  0  0  0
156155  1  0  0  0  0
  1114  1  0  0  0  0
157 21  1  0  0  0  0
158 23  1  0  0  0  0
159127  1  0  0  0  0
160156  1  0  0  0  0
161156  1  0  0  0  0
155162  1  0  0  0  0
163155  1  0  0  0  0
164155  1  0  0  0  0
165162  1  0  0  0  0
166162  1  0  0  0  0
167162  1  0  0  0  0
168109  1  0  0  0  0
169109  1  0  0  0  0
170109  1  0  0  0  0
171169  1  0  0  0  0
172169  1  0  0  0  0
173169  1  0  0  0  0
M  END

