file:/C:/Users/RGS/Downloads/1025.mol
__Jmol-12_12271213193D 1   1.00000     0.00000     0
Jmol version 12.2.22  2012-04-17 00:55 EXTRACT: ({0:22})
 23 23  0  0  0  0              1 V2000
   2.40738  -0.68816  -0.13081 O   0  0  0  0  0  0
   1.99604   1.81666   1.06282 O   0  0  0  0  0  0
  -2.77630   1.76372   1.06400 O   0  0  0  0  0  0
  -1.06742  -1.88574  -0.13058 N   0  0  0  0  0  0
   0.37678   0.51293  -0.11389 C   0  0  0  0  0  0
  -1.12998   0.53059  -0.11534 C   0  0  0  0  0  0
   1.02077  -0.68267  -0.12236 C   0  0  0  0  0  0
   0.23040  -1.95117  -0.12911 C   0  0  0  0  0  0
   1.21924   1.77557  -0.10262 C   0  0  0  0  0  0
  -1.99591   1.76916  -0.10301 C   0  0  0  0  0  0
  -1.77571  -0.64765  -0.12517 C   0  0  0  0  0  0
   0.86127  -3.31081  -0.13031 C   0  0  0  0  0  0
   1.88266   1.77560  -1.00006 H   0  0  0  0  0  0
   0.62803   2.70802  -0.15773 H   0  0  0  0  0  0
  -2.65525   1.75544  -0.99671 H   0  0  0  0  0  0
  -1.42914   2.71197  -0.13966 H   0  0  0  0  0  0
  -2.86026  -0.69128  -0.12657 H   0  0  0  0  0  0
   1.48989  -3.43771   0.77987 H   0  0  0  0  0  0
   1.49209  -3.43524  -1.03827 H   0  0  0  0  0  0
   0.08884  -4.11162  -0.13263 H   0  0  0  0  0  0
   2.73568  -1.61788  -0.14177 H   0  0  0  0  0  0
   2.53822   2.64334   1.01199 H   0  0  0  0  0  0
  -3.35585   2.56949   1.01460 H   0  0  0  0  0  0
  1  7  1  0  0  0
  1 21  1  0  0  0
  2  9  1  0  0  0
  2 22  1  0  0  0
  3 10  1  0  0  0
  3 23  1  0  0  0
  4  8  2  0  0  0
  4 11  1  0  0  0
  5  6  1  0  0  0
  5  7  2  0  0  0
  5  9  1  0  0  0
  6 10  1  0  0  0
  6 11  2  0  0  0
  7  8  1  0  0  0
  8 12  1  0  0  0
  9 13  1  0  0  0
  9 14  1  0  0  0
 10 15  1  0  0  0
 10 16  1  0  0  0
 11 17  1  0  0  0
 12 18  1  0  0  0
 12 19  1  0  0  0
 12 20  1  0  0  0
M  END

