file:/C:/Users/RGS/Downloads/14265.mol
__Jmol-12_12271213293D 1   1.00000     0.00000     0
Jmol version 12.2.22  2012-04-17 00:55 EXTRACT: ({0:80})
 81 82  0  0  0  0              1 V2000
  -3.65942  -1.80152  -2.57661 O   0  0  0  0  0  0
  -7.17671  -3.51918   1.44971 O   0  0  0  0  0  0
  -3.41769  -0.45472  -2.93755 C   0  0  0  0  0  0
  -2.08653   0.04092  -2.32157 C   0  0  0  0  0  0
  -4.61351   0.51462  -2.68042 C   0  0  0  0  0  0
  -2.05779   0.17182  -0.79886 C   0  0  0  0  0  0
  -0.51727   0.78431   1.18614 C   0  0  0  0  0  0
  -0.67813   0.67807  -0.34869 C   0  0  0  0  0  0
  -5.40090   0.24179  -1.39825 C   0  0  0  0  0  0
   0.92257   1.21536   1.57778 C   0  0  0  0  0  0
  -3.20460  -0.50330  -4.46541 C   0  0  0  0  0  0
  -5.43865  -1.21333  -1.00150 C   0  0  0  0  0  0
   1.99802   0.19130   1.15093 C   0  0  0  0  0  0
  -4.57246  -2.08844  -1.56444 C   0  0  0  0  0  0
   3.39793   0.65045   1.58260 C   0  0  0  0  0  0
   4.54711  -0.25102   1.04329 C   0  0  0  0  0  0
  -1.52127   1.78693   1.78326 C   0  0  0  0  0  0
   5.94997   0.31526   1.40963 C   0  0  0  0  0  0
  -6.38343  -1.69344   0.07018 C   0  0  0  0  0  0
  -4.53051  -3.50864  -1.11120 C   0  0  0  0  0  0
   6.21134   1.70058   0.78652 C   0  0  0  0  0  0
  -5.40055  -3.95247  -0.16719 C   0  0  0  0  0  0
   4.42737  -1.68809   1.58055 C   0  0  0  0  0  0
  -6.36840  -2.99879   0.44691 C   0  0  0  0  0  0
   7.58904   2.26571   1.16891 C   0  0  0  0  0  0
   7.83763   3.67498   0.56376 C   0  0  0  0  0  0
  -7.36297  -0.73680   0.72446 C   0  0  0  0  0  0
  -3.45008  -4.35894  -1.75587 C   0  0  0  0  0  0
  -5.47285  -5.37203   0.35417 C   0  0  0  0  0  0
   9.24429   4.15925   0.93984 C   0  0  0  0  0  0
   6.80703   4.71955   1.03295 C   0  0  0  0  0  0
  -1.27869  -0.67003  -2.62251 H   0  0  0  0  0  0
  -1.84520   1.03639  -2.75609 H   0  0  0  0  0  0
  -4.31533   1.58345  -2.74945 H   0  0  0  0  0  0
  -5.33885   0.40653  -3.50800 H   0  0  0  0  0  0
  -2.27022  -0.80956  -0.33257 H   0  0  0  0  0  0
  -2.82028   0.90717  -0.49524 H   0  0  0  0  0  0
  -0.71574  -0.20629   1.64191 H   0  0  0  0  0  0
  -0.46841   1.66565  -0.81526 H   0  0  0  0  0  0
   0.05317  -0.05996  -0.74150 H   0  0  0  0  0  0
  -6.42206   0.64458  -1.58782 H   0  0  0  0  0  0
  -4.98660   0.79629  -0.53272 H   0  0  0  0  0  0
   0.97188   1.30851   2.68165 H   0  0  0  0  0  0
   1.14762   2.20906   1.13183 H   0  0  0  0  0  0
  -4.11585  -0.90016  -4.96548 H   0  0  0  0  0  0
  -2.37547  -1.20091  -4.72239 H   0  0  0  0  0  0
  -2.98085   0.49926  -4.88462 H   0  0  0  0  0  0
   1.75705  -0.79003   1.60022 H   0  0  0  0  0  0
   2.01910   0.09797   0.04716 H   0  0  0  0  0  0
   3.44747   0.72101   2.68678 H   0  0  0  0  0  0
   3.50589   1.66674   1.15896 H   0  0  0  0  0  0
   4.47879  -0.29810  -0.06479 H   0  0  0  0  0  0
  -1.38693   1.84855   2.88090 H   0  0  0  0  0  0
  -1.37344   2.79802   1.34796 H   0  0  0  0  0  0
  -2.57138   1.46367   1.61284 H   0  0  0  0  0  0
   6.73052  -0.37965   1.02989 H   0  0  0  0  0  0
   6.04401   0.37853   2.51160 H   0  0  0  0  0  0
   6.12566   1.63657  -0.31965 H   0  0  0  0  0  0
   5.45838   2.40127   1.17742 H   0  0  0  0  0  0
   5.25196  -2.31404   1.18153 H   0  0  0  0  0  0
   4.47711  -1.69680   2.68910 H   0  0  0  0  0  0
   3.47596  -2.16391   1.25325 H   0  0  0  0  0  0
   8.37195   1.56821   0.79855 H   0  0  0  0  0  0
   7.66430   2.32338   2.27309 H   0  0  0  0  0  0
   7.78441   3.60519  -0.54284 H   0  0  0  0  0  0
  -7.19393  -0.72185   1.82222 H   0  0  0  0  0  0
  -8.40612  -1.05991   0.51594 H   0  0  0  0  0  0
  -7.28223   0.30455   0.37743 H   0  0  0  0  0  0
  -2.46007  -3.89228  -1.55306 H   0  0  0  0  0  0
  -3.60711  -4.39339  -2.85472 H   0  0  0  0  0  0
  -3.36853  -5.39595  -1.40629 H   0  0  0  0  0  0
  -6.49195  -5.77740   0.16583 H   0  0  0  0  0  0
  -5.28403  -5.37346   1.44886 H   0  0  0  0  0  0
  -4.77015  -6.09666  -0.09094 H   0  0  0  0  0  0
  10.00518   3.44798   0.56558 H   0  0  0  0  0  0
   9.44601   5.15315   0.47559 H   0  0  0  0  0  0
   9.34905   4.25060   2.04204 H   0  0  0  0  0  0
   7.05029   5.71263   0.60182 H   0  0  0  0  0  0
   6.81135   4.80441   2.14345 H   0  0  0  0  0  0
   5.78286   4.47497   0.69043 H   0  0  0  0  0  0
  -8.00872  -2.99502   1.54488 H   0  0  0  0  0  0
  1  3  1  0  0  0
  1 14  1  0  0  0
  2 24  1  0  0  0
  2 81  1  0  0  0
  3  4  1  0  0  0
  3  5  1  0  0  0
  3 11  1  0  0  0
  4  6  1  0  0  0
  4 32  1  0  0  0
  4 33  1  0  0  0
  5  9  1  0  0  0
  5 34  1  0  0  0
  5 35  1  0  0  0
  6  8  1  0  0  0
  6 36  1  0  0  0
  6 37  1  0  0  0
  7  8  1  0  0  0
  7 10  1  0  0  0
  7 17  1  0  0  0
  7 38  1  0  0  0
  8 39  1  0  0  0
  8 40  1  0  0  0
  9 12  1  0  0  0
  9 41  1  0  0  0
  9 42  1  0  0  0
 10 13  1  0  0  0
 10 43  1  0  0  0
 10 44  1  0  0  0
 11 45  1  0  0  0
 11 46  1  0  0  0
 11 47  1  0  0  0
 12 14  2  0  0  0
 12 19  1  0  0  0
 13 15  1  0  0  0
 13 48  1  0  0  0
 13 49  1  0  0  0
 14 20  1  0  0  0
 15 16  1  0  0  0
 15 50  1  0  0  0
 15 51  1  0  0  0
 16 18  1  0  0  0
 16 23  1  0  0  0
 16 52  1  0  0  0
 17 53  1  0  0  0
 17 54  1  0  0  0
 17 55  1  0  0  0
 18 21  1  0  0  0
 18 56  1  0  0  0
 18 57  1  0  0  0
 19 24  2  0  0  0
 19 27  1  0  0  0
 20 22  2  0  0  0
 20 28  1  0  0  0
 21 25  1  0  0  0
 21 58  1  0  0  0
 21 59  1  0  0  0
 22 24  1  0  0  0
 22 29  1  0  0  0
 23 60  1  0  0  0
 23 61  1  0  0  0
 23 62  1  0  0  0
 25 26  1  0  0  0
 25 63  1  0  0  0
 25 64  1  0  0  0
 26 30  1  0  0  0
 26 31  1  0  0  0
 26 65  1  0  0  0
 27 66  1  0  0  0
 27 67  1  0  0  0
 27 68  1  0  0  0
 28 69  1  0  0  0
 28 70  1  0  0  0
 28 71  1  0  0  0
 29 72  1  0  0  0
 29 73  1  0  0  0
 29 74  1  0  0  0
 30 75  1  0  0  0
 30 76  1  0  0  0
 30 77  1  0  0  0
 31 78  1  0  0  0
 31 79  1  0  0  0
 31 80  1  0  0  0
M  END

