200
C:\projects\github\molvwr\website\molsamples\graphite.pdb
C          4.14100        3.30500       -3.64100
C          3.25400        3.76200       -2.62100
C          1.96200        0.78600       -4.29500
C          2.08700        0.28600       -2.96500
C         -0.21700       -1.73400       -4.94900
C         -1.10400       -1.27800       -3.92900
C         -2.39700       -4.25400       -5.60300
C         -2.27200       -4.75300       -4.27300
C          2.26500        4.74300       -2.92500
C          1.37800        5.19900       -1.90600
C          0.08500        2.22300       -3.57900
C          0.21000        1.72400       -2.24900
C         -2.09400       -0.29700       -4.23300
C         -2.98100        0.16000       -3.21400
C         -4.27300       -2.81700       -4.88700
C         -4.14800       -3.31600       -3.55700
C          0.38800        6.18000       -2.21000
C         -0.49900        6.63600       -1.19000
C         -1.79200        3.66000       -2.86400
C         -1.66600        3.16100       -1.53300
C         -3.97100        1.14100       -3.51800
C         -4.85800        1.59700       -2.49800
C         -6.15000       -1.37900       -4.17200
C         -6.02500       -1.87800       -2.84100
C         -1.48900        7.61700       -1.49400
C         -2.37600        8.07400       -0.47400
C         -3.66800        5.09800       -2.14800
C         -3.54300        4.59800       -0.81800
C         -5.84800        2.57800       -2.80200
C         -6.73400        3.03400       -1.78200
C         -8.02700        0.05800       -3.45600
C         -7.90200       -0.44100       -2.12600
C         -3.36600        9.05500       -0.77800
C         -4.25200        9.51100        0.24200
C         -5.54500        6.53500       -1.43200
C         -5.42000        6.03600       -0.10200
C         -7.72400        4.01500       -2.08600
C         -8.61100        4.47200       -1.06600
C         -9.90400        1.49600       -2.74000
C         -9.77900        0.99600       -1.41000
C          5.30000        1.87600       -1.99400
C          4.41300        2.33200       -0.97400
C          3.12100       -0.64400       -2.64800
C          3.24600       -1.14300       -1.31700
C          0.94100       -3.16400       -3.30200
C          0.05500       -2.70700       -2.28200
C         -1.23800       -5.68400       -3.95600
C         -1.11300       -6.18300       -2.62500
C          3.42300        3.31300       -1.27800
C          2.53600        3.76900       -0.25800
C          1.24400        0.79300       -1.93200
C          1.36900        0.29400       -0.60100
C         -0.93500       -1.72700       -2.58600
C         -1.82200       -1.27000       -1.56600
C         -3.11500       -4.24600       -3.24000
C         -2.99000       -4.74600       -1.91000
C          1.54600        4.75000       -0.56200
C          0.66000        5.20700        0.45800
C         -0.63300        2.23100       -1.21600
C         -0.50800        1.73100        0.11400
C         -2.81200       -0.28900       -1.87000
C         -3.69900        0.16700       -0.85000
C         -4.99100       -2.80900       -2.52400
C         -4.86600       -3.30800       -1.19400
C         -0.33000        6.18800        0.15400
C         -1.21700        6.64400        1.17300
C         -2.51000        3.66800       -0.50000
C         -2.38500        3.16900        0.83000
C         -4.68900        1.14800       -1.15400
C         -5.57600        1.60500       -0.13500
C         -6.86800       -1.37100       -1.80800
C         -6.74300       -1.87100       -0.47800
C         -2.20700        7.62500        0.86900
C         -3.09400        8.08200        1.88900
C         -4.38600        5.10500        0.21500
C         -4.26100        4.60600        1.54600
C         -6.56600        2.58600       -0.43900
C         -7.45200        3.04200        0.58100
C         -8.74500        0.06600       -1.09300
C         -8.62000       -0.43300        0.23800
C          6.45900        0.44600       -0.34600
C          5.57200        0.90200        0.67400
C          4.27900       -2.07400       -1.00000
C          4.40400       -2.57300        0.33000
C          2.10000       -4.59400       -1.65400
C          1.21300       -4.13700       -0.63400
C         -0.07900       -7.11300       -2.30800
C          0.04600       -7.61300       -0.97800
C          4.58200        1.88300        0.37000
C          3.69500        2.34000        1.38900
C          2.40300       -0.63700       -0.28400
C          2.52800       -1.13600        1.04600
C          0.22300       -3.15600       -0.93800
C         -0.66400       -2.70000        0.08100
C         -1.95600       -5.67600       -1.59200
C         -1.83100       -6.17500       -0.26200
C          2.70500        3.32100        1.08500
C          1.81800        3.77700        2.10500
C          0.52600        0.80100        0.43100
C          0.65100        0.30200        1.76200
C         -1.65300       -1.71900       -0.22300
C         -2.54000       -1.26200        0.79700
C         -3.83300       -4.23900       -0.87700
C         -3.70800       -4.73800        0.45400
C          0.82800        4.75800        1.80100
C         -0.05800        5.21400        2.82100
C         -1.35100        2.23800        1.14700
C         -1.22600        1.73900        2.47700
C         -3.53000       -0.28100        0.49300
C         -4.41700        0.17500        1.51300
C         -5.71000       -2.80100       -0.16100
C         -5.58400       -3.30000        1.16900
C         -1.04800        6.19500        2.51700
C         -1.93500        6.65200        3.53700
C         -3.22800        3.67600        1.86300
C         -3.10300        3.17600        3.19300
C         -5.40700        1.15600        1.20900
C         -6.29400        1.61200        2.22900
C         -7.58600       -1.36400        0.55500
C         -7.46100       -1.86300        1.88500
C          7.61700       -0.98400        1.30100
C          6.73000       -0.52800        2.32100
C          5.43800       -3.50400        0.64700
C          5.56300       -4.00300        1.97800
C          3.25900       -6.02300       -0.00700
C          2.37200       -5.56700        1.01300
C          1.07900       -8.54300       -0.66100
C          1.20400       -9.04200        0.67000
C          5.74000        0.45300        2.01700
C          4.85400        0.91000        3.03700
C          3.56100       -2.06600        1.36300
C          3.68600       -2.56600        2.69400
C          1.38200       -4.58600        0.70900
C          0.49500       -4.13000        1.72900
C         -0.79700       -7.10600        0.05500
C         -0.67200       -7.60500        1.38500
C          3.86400        1.89100        2.73300
C          2.97700        2.34700        3.75300
C          1.68400       -0.62900        2.07900
C          1.80900       -1.12800        3.40900
C         -0.49500       -3.14900        1.42500
C         -1.38200       -2.69200        2.44500
C         -2.67400       -5.66800        0.77100
C         -2.54900       -6.16800        2.10100
C          1.98700        3.32800        3.44900
C          1.10000        3.78500        4.46800
C         -0.19200        0.80900        2.79500
C         -0.06700        0.30900        4.12500
C         -2.37200       -1.71100        2.14100
C         -3.25800       -1.25500        3.16000
C         -4.55100       -4.23100        1.48700
C         -4.42600       -4.73000        2.81700
C          0.11000        4.76600        4.16400
C         -0.77700        5.22200        5.18400
C         -2.06900        2.24600        3.51000
C         -1.94400        1.74700        4.84100
C         -4.24800       -0.27400        2.85600
C         -5.13500        0.18300        3.87600
C         -6.42800       -2.79400        2.20200
C         -6.30300       -3.29300        3.53300
C          8.77600       -2.41400        2.94900
C          7.88900       -1.95700        3.96900
C          6.59700       -4.93300        2.29500
C          6.72200       -5.43300        3.62500
C          4.41700       -7.45300        1.64100
C          3.53100       -6.99700        2.66100
C          2.23800       -9.97300        0.98700
C          2.36300      -10.47200        2.31700
C          6.89900       -0.97600        3.66500
C          6.01200       -0.52000        4.68400
C          4.72000       -3.49600        3.01100
C          4.84500       -3.99500        4.34100
C          2.54100       -6.01600        2.35700
C          1.65400       -5.55900        3.37600
C          0.36100       -8.53500        1.70300
C          0.48600       -9.03500        3.03300
C          5.02200        0.46100        4.38000
C          4.13600        0.91800        5.40000
C          2.84300       -2.05900        3.72600
C          2.96800       -2.55800        5.05700
C          0.66400       -4.57800        3.07200
C         -0.22300       -4.12200        4.09200
C         -1.51500       -7.09800        2.41800
C         -1.39000       -7.59700        3.74900
C          3.14600        1.89800        5.09600
C          2.25900        2.35500        6.11600
C          0.96600       -0.62100        4.44200
C          1.09100       -1.12000        5.77200
C         -1.21300       -3.14100        3.78800
C         -2.10000       -2.68500        4.80800
C         -3.39200       -5.66100        3.13400
C         -3.26700       -6.16000        4.46400
C          1.26900        3.33600        5.81200
C          0.38200        3.79200        6.83200
C         -0.91000        0.81600        5.15800
C         -0.78500        0.31700        6.48800
C         -3.09000       -1.70400        4.50400
C         -3.97600       -1.24700        5.52400
C         -5.26900       -4.22300        3.85000
C         -5.14400       -4.72300        5.18000
