50

O          8.70907        3.96537       -5.12427
O          7.25935        2.92725       -3.78136
C          8.51826        3.22321       -4.16523
C          9.67093        2.65238       -3.42914
C          9.16427        1.77549       -2.29567
C         10.34650        1.19002       -1.54071
C          9.83984        0.31313       -0.40724
C         11.02207       -0.27234        0.34772
C         12.05755       -3.20151        4.13071
C         10.51541       -1.14923        1.48119
C         11.20364       -2.58966        3.34128
C         11.69764       -1.73470        2.23615
C         13.51460       -3.03561        3.91666
C         14.25560       -3.82185        4.93109
C         15.56964       -3.82185        4.93109
C         16.31064       -3.03463        3.91742
C         17.76768       -3.20073        4.13131
C         18.62159       -2.58813        3.34247
C         18.12759       -1.73013        2.23969
C         19.30982       -1.14436        1.48497
H          7.11370        2.36077       -3.04934
H         10.26602        3.44582       -3.02761
H         10.26473        2.06408       -4.09713
H          8.56918        0.98205       -2.69720
H          8.57047        2.36378       -1.62768
H         10.94158        1.98346       -1.13918
H         10.94030        0.60173       -2.20870
H          9.24475       -0.48031       -0.80878
H          9.24603        0.90142        0.26075
H         11.61715        0.52110        0.74925
H         11.61587       -0.86063       -0.32027
H         11.71355       -3.79755        4.89975
H          9.92032       -1.94266        1.07965
H          9.92160       -0.56093        2.14918
H         10.18902       -2.70450        3.49086
H         12.29272       -0.94126        2.63768
H         12.29144       -2.32299        1.56816
H         13.77309       -2.00136        4.00838
H         13.77309       -3.38242        2.93798
H         13.73960       -4.36935        5.63750
H         16.08564       -4.37003        5.63697
H         16.05214       -2.00047        4.01014
H         16.05214       -3.38049        2.93841
H         18.11168       -3.79752        4.89977
H         19.63621       -2.70448        3.49089
H         17.53379       -0.93690        2.64352
H         17.53251       -2.31625        1.57093
H         19.90491       -0.55824        2.15373
H         18.95317       -0.52488        0.68876
H         19.90362       -1.93759        1.08113
