331
C:\projects\github\molvwr\website\molsamples\diamond.pdb
C          1.33900        5.37800       -4.14900
C         -1.07900        1.74600       -3.94600
C          1.44100        1.81600       -3.98800
C          0.14900        3.61900       -2.78800
C         -1.02300       -0.98400       -5.08600
C          0.20600        0.89000       -3.92700
C         -0.97700       -1.81600       -3.78600
C          1.54300       -1.74600       -3.82800
C          0.25100        0.05700       -2.62800
C         -0.92100       -4.54600       -4.92500
C          0.30800       -2.67200       -3.76600
C         -0.87600       -5.37800       -3.62600
C          0.35300       -3.50500       -2.46800
C         -1.14300        5.42200       -1.58700
C         -3.60700        2.62300       -2.68400
C         -1.08500        2.69300       -2.72600
C         -2.37800        4.49600       -1.52600
C         -3.56200        1.79000       -1.38500
C         -1.04100        1.86000       -1.42700
C         -2.33300        3.66300       -0.22700
C         -2.37200        3.54800       -2.74600
C         -2.31500        0.82000       -3.88500
C         -3.50500       -0.93900       -2.52400
C         -0.98400       -0.86900       -2.56600
C         -2.27600        0.93400       -1.36500
C         -3.46000       -1.77200       -1.22500
C         -0.93900       -1.70200       -1.26700
C         -2.23100        0.10100       -0.06700
C         -2.27000       -0.01400       -2.58500
C         -2.21300       -2.74200       -3.72500
C         -3.40300       -4.50100       -2.36400
C         -0.88200       -4.43100       -2.40600
C         -2.17400       -2.62800       -1.20500
C         -3.35800       -5.33400       -1.06500
C         -0.83800       -5.26400       -1.10700
C         -2.12900       -3.46100        0.09400
C         -2.16800       -3.57500       -2.42500
C         -3.62500        5.46600        0.97400
C         -6.08900        2.66700       -0.12300
C         -3.56800        2.73700       -0.16500
C         -4.86000        4.54100        1.03600
C         -6.04400        1.83400        1.17600
C         -3.52400        1.90400        1.13400
C         -4.81500        3.70700        2.33400
C         -4.85400        3.59300       -0.18400
C         -4.79700        0.86400       -1.32400
C         -5.98700       -0.89500        0.03700
C         -3.46600       -0.82500       -0.00500
C         -4.75800        0.97900        1.19600
C         -5.94200       -1.72800        1.33600
C         -3.42200       -1.65700        1.29400
C         -4.71300        0.14500        2.49500
C         -4.75200        0.03100       -0.02400
C         -4.69500       -2.69800       -1.16400
C         -3.36400       -4.38700        0.15500
C         -4.65600       -2.58300        1.35600
C         -3.32000       -5.21900        1.45500
C         -4.61200       -3.41700        2.65500
C         -4.65000       -3.53100        0.13600
C         -6.05000        2.78100        2.39600
C         -6.00600        1.94900        3.69500
C         -5.94800       -0.78100        2.55600
C         -5.90400       -1.61300        3.85600
C          1.37900        5.49200       -1.62900
C          3.89900        5.56200       -1.67100
C          2.62500        4.52200       -4.12900
C          1.43500        2.76300       -2.76800
C          3.95600        2.83300       -2.81000
C          2.66400        4.63700       -1.60900
C          1.48000        1.93000       -1.46900
C          4.00100        2.00100       -1.51100
C          2.70900        3.80300       -0.31100
C          2.67000        3.68900       -2.82900
C          2.72700        0.96000       -3.96900
C          1.53700       -0.79900       -2.60800
C          4.05800       -0.72900       -2.65000
C          2.76600        1.07500       -1.44900
C          1.58200       -1.63200       -1.30900
C          4.10200       -1.56100       -1.35100
C          2.81100        0.24100       -0.15000
C          2.77200        0.12700       -2.66900
C          2.82900       -2.60200       -3.80900
C          1.63800       -4.36100       -2.44800
C          2.86800       -2.48700       -1.28900
C          1.68400       -5.19300       -1.14900
C          2.91300       -3.32100        0.01000
C          2.87400       -3.43500       -2.50900
C         -1.10400        5.53700        0.93200
C          1.41700        5.60700        0.89000
C          0.14300        4.56600       -1.56800
C         -1.04700        2.80700       -0.20700
C          1.47400        2.87700       -0.24900
C          0.18200        4.68100        0.95200
C         -1.00200        1.97500        1.09200
C          1.51800        2.04500        1.05000
C          0.22700        3.84700        2.25100
C          0.18800        3.73300       -0.26800
C          0.24500        1.00500       -1.40800
C         -0.94600       -0.75500       -0.04700
C          1.57600       -0.68500       -0.08900
C          0.28400        1.11900        1.11200
C         -0.90000       -1.58700        1.25300
C          1.62000       -1.51700        1.21100
C          0.32800        0.28500        2.41100
C          0.29000        0.17100       -0.10800
C          0.34700       -2.55700       -1.24800
C         -0.84400       -4.31700        0.11300
C          1.67800       -4.24700        0.07100
C          0.38600       -2.44300        1.27200
C         -0.79800       -5.14900        1.41300
C          1.72200       -5.07900        1.37100
C          0.43000       -3.27600        2.57100
C          0.39200       -3.39100        0.05200
C         -3.58600        5.58100        3.49300
C         -1.06600        5.65100        3.45100
C         -2.33900        4.61100        0.99300
C         -3.53000        2.85100        2.35400
C         -1.00800        2.92200        2.31200
C         -2.30000        4.72500        3.51300
C         -3.48400        2.01900        3.65400
C         -0.96400        2.08900        3.61200
C         -2.25600        3.89200        4.81200
C         -2.29400        3.77700        2.29300
C         -2.23700        1.04900        1.15300
C         -3.42800       -0.71000        2.51400
C         -0.90600       -0.64000        2.47300
C         -2.19900        1.16300        3.67300
C         -3.38200       -1.54300        3.81400
C         -0.86200       -1.47300        3.77200
C         -2.15400        0.33000        4.97200
C         -2.19200        0.21500        2.45300
C         -2.13500       -2.51300        1.31400
C         -3.32600       -4.27200        2.67500
C         -0.80400       -4.20200        2.63300
C         -2.09700       -2.39900        3.83400
C         -3.28000       -5.10500        3.97400
C         -0.76000       -5.03500        3.93200
C         -2.05200       -3.23200        5.13200
C         -2.09100       -3.34700        2.61400
C         -3.54800        5.69500        6.01300
C         -4.82100        4.65500        3.55400
C         -6.01200        2.89600        4.91500
C         -3.49000        2.96600        4.87400
C         -4.78300        4.77000        6.07400
C         -5.96600        2.06300        6.21500
C         -3.44600        2.13300        6.17300
C         -4.73800        3.93600        7.37300
C         -4.77600        3.82200        4.85400
C         -4.71900        1.09300        3.71500
C         -5.91000       -0.66600        5.07600
C         -3.38800       -0.59600        5.03400
C         -4.68100        1.20800        6.23500
C         -5.86400       -1.49900        6.37500
C         -3.34400       -1.42900        6.33300
C         -4.63600        0.37400        7.53300
C         -4.67500        0.26000        5.01500
C         -4.61800       -2.46900        3.87500
C         -3.28700       -4.15800        5.19400
C         -4.57900       -2.35400        6.39500
C         -3.24200       -4.99100        6.49300
C         -4.53400       -3.18800        7.69400
C         -4.57300       -3.30200        5.17500
C          3.93800        5.67700        0.84800
C          5.18500        4.70700       -1.65200
C          3.99400        2.94800       -0.29100
C          6.51600        3.01800       -0.33300
C          5.22400        4.82100        0.86800
C          4.04000        2.11500        1.00800
C          6.56000        2.18500        0.96700
C          5.26900        3.98800        2.16700
C          5.23000        3.87300       -0.35200
C          5.28700        1.14500       -1.49200
C          4.09600       -0.61400       -0.13100
C          6.61800       -0.54400       -0.17300
C          5.32600        1.25900        1.02800
C          4.14200       -1.44700        1.16900
C          6.66200       -1.37700        1.12700
C          5.37000        0.42600        2.32700
C          5.33200        0.31100       -0.19200
C          5.38900       -2.41700       -1.33200
C          4.19800       -4.17600        0.03000
C          5.42700       -2.30300        1.18800
C          4.24400       -5.00900        1.32900
C          5.47200       -3.13600        2.48700
C          5.43300       -3.25100       -0.03100
C          1.45600        5.72100        3.40900
C          3.97600        5.79100        3.36800
C          2.70300        4.75100        0.90900
C          1.51200        2.99200        2.27000
C          4.03400        3.06200        2.22800
C          2.74200        4.86600        3.42900
C          1.55800        2.15900        3.57000
C          4.07800        2.22900        3.52800
C          2.78600        4.03200        4.72800
C          2.74800        3.91800        2.20900
C          2.80500        1.18900        1.06900
C          1.61400       -0.57000        2.43100
C          4.13600       -0.50000        2.38900
C          2.84300        1.30400        3.59000
C          1.66000       -1.40300        3.73000
C          4.18000       -1.33300        3.68800
C          2.88800        0.47000        4.88800
C          2.84900        0.35600        2.37000
C          2.90600       -2.37300        1.23000
C          1.71600       -4.13200        2.59100
C          4.23800       -4.06200        2.54900
C          2.94500       -2.25800        3.75000
C          1.76100       -4.96500        3.89000
C          4.28200       -4.89400        3.84800
C          2.99000       -3.09200        5.04800
C          2.95100       -3.20600        2.53000
C         -1.02600        5.76500        5.97100
C          1.49400        5.83600        5.92900
C          0.22100        4.79500        3.47000
C         -0.97000        3.03600        4.83200
C          1.55200        3.10600        4.79000
C          0.25900        4.91000        5.99100
C         -0.92400        2.20400        6.13100
C          1.59600        2.27400        6.08900
C          0.30400        4.07600        7.28900
C          0.26500        3.96200        4.77100
C          0.32200        1.23300        3.63100
C         -0.86800       -0.52600        4.99200
C          1.65300       -0.45600        4.95000
C          0.36100        1.34800        6.15100
C         -0.82300       -1.35800        6.29100
C          1.69800       -1.28800        6.24900
C          0.40600        0.51400        7.44900
C          0.36700        0.40000        4.93100
C          0.42400       -2.32800        3.79100
C         -0.76600       -4.08800        5.15200
C          1.75500       -4.01800        5.11000
C          0.46300       -2.21400        6.31100
C         -0.72100       -4.92000        6.45100
C          1.79900       -4.85000        6.41000
C          0.50800       -3.04800        7.61000
C          0.46900       -3.16200        5.09100
C         -0.98800        5.88000        8.49000
C         -2.26200        4.84000        6.03200
C         -3.45200        3.08000        7.39300
C         -0.93100        3.15100        7.35100
C         -2.22300        4.95400        8.55200
C         -3.40700        2.24800        8.69200
C         -0.88600        2.31800        8.65000
C         -2.17800        4.12100        9.85100
C         -2.21700        4.00600        7.33200
C         -2.16000        1.27800        6.19200
C         -3.35000       -0.48200        7.55300
C         -0.82900       -0.41100        7.51100
C         -2.12100        1.39200        8.71200
C         -3.30500       -1.31400        8.85200
C         -0.78500       -1.24400        8.81100
C         -2.07600        0.55900       10.01100
C         -2.11500        0.44400        7.49200
C         -2.05800       -2.28400        6.35200
C         -3.24900       -4.04400        7.71300
C         -0.72700       -3.97300        7.67100
C         -2.01900       -2.17000        8.87200
C         -3.20300       -4.87600        9.01300
C         -0.68300       -4.80600        8.97100
C         -1.97400       -3.00300       10.17100
C         -2.01300       -3.11800        7.65200
C          6.55400        3.13200        2.18700
C          6.60000        2.30000        3.48600
C          6.65600       -0.43000        2.34700
C          6.70100       -1.26200        3.64600
C          4.01600        5.90600        5.88700
C          5.26200        4.93600        3.38700
C          4.07200        3.17600        4.74800
C          6.59400        3.24700        4.70600
C          5.30100        5.05000        5.90700
C          4.11700        2.34400        6.04700
C          6.63800        2.41400        6.00500
C          5.34600        4.21700        7.20500
C          5.30700        4.10200        4.68700
C          5.36400        1.37400        3.54700
C          4.17400       -0.38600        4.90800
C          6.69500       -0.31500        4.86600
C          5.40300        1.48800        6.06700
C          4.21900       -1.21800        6.20700
C          6.73900       -1.14800        6.16500
C          5.44800        0.65500        7.36600
C          5.40900        0.54000        4.84700
C          5.46600       -2.18800        3.70700
C          4.27600       -3.94700        5.06800
C          5.50500       -2.07400        6.22700
C          4.32100       -4.78000        6.36800
C          5.55000       -2.90700        7.52600
C          5.51100       -3.02200        5.00700
C          1.53300        5.95000        8.44800
C          2.78000        4.98000        5.94800
C          1.59000        3.22100        7.30900
C          4.11100        3.29100        7.26700
C          2.81900        5.09400        8.46800
C          1.63500        2.38800        8.60800
C          4.15500        2.45800        8.56600
C          2.86400        4.26100        9.76700
C          2.82500        4.14600        7.24800
C          2.88200        1.41800        6.10800
C          1.69100       -0.34100        7.46900
C          4.21300       -0.27100        7.42700
C          2.92100        1.53300        8.62800
C          1.73700       -1.17400        8.76900
C          4.25700       -1.10400        8.72700
C          2.96600        0.69900        9.92700
C          2.92700        0.58500        7.40800
C          2.98400       -2.14400        6.26800
C          1.79300       -3.90300        7.63000
C          4.31500       -3.83300        7.58800
C          3.02300       -2.02900        8.78800
C          1.83900       -4.73600        8.92900
C          3.06700       -2.86300       10.08700
C          3.02900       -2.97700        7.56800
C          0.29800        5.02400        8.50900
C         -0.89300        3.26500        9.87000
C          1.62900        3.33500        9.82800
C         -0.84700        2.43200       11.17000
C          1.67300        2.50300       11.12800
C          0.34300        4.19100        9.80900
C          0.40000        1.46200        8.66900
C         -0.79100       -0.29700       10.03100
C          1.73100       -0.22700        9.98900
C          0.43900        1.57700       11.18900
C         -0.74500       -1.13000       11.33000
C          1.77500       -1.05900       11.28800
C          0.44500        0.62900        9.97000
C          0.50200       -2.10000        8.83000
C         -0.68900       -3.85900       10.19100
C          1.83300       -3.78900       10.14900
C          0.54000       -1.98500       11.35000
C          0.54600       -2.93300       10.13000
