60
C:\projects\github\molvwr\website\molsamples\fullerene.pdb
C          3.45100        0.68500        0.00000
C          3.45100       -0.68500        0.00000
C         -3.45100        0.68500        0.00000
C         -3.45100       -0.68500        0.00000
C          0.68500        0.00000        3.45100
C         -0.68500        0.00000        3.45100
C          0.68500        0.00000       -3.45100
C         -0.68500        0.00000       -3.45100
C          0.00000        3.45100        0.68500
C          0.00000        3.45100       -0.68500
C          0.00000       -3.45100        0.68500
C          0.00000       -3.45100       -0.68500
C          3.00400        1.40900        1.17200
C          3.00400        1.40900       -1.17200
C          3.00400       -1.40900        1.17200
C          3.00400       -1.40900       -1.17200
C         -3.00400        1.40900        1.17200
C         -3.00400        1.40900       -1.17200
C         -3.00400       -1.40900        1.17200
C         -3.00400       -1.40900       -1.17200
C          1.40900        1.17200        3.00400
C          1.40900       -1.17200        3.00400
C         -1.40900        1.17200        3.00400
C         -1.40900       -1.17200        3.00400
C          1.40900        1.17200       -3.00400
C          1.40900       -1.17200       -3.00400
C         -1.40900        1.17200       -3.00400
C         -1.40900       -1.17200       -3.00400
C          1.17200        3.00400        1.40900
C         -1.17200        3.00400        1.40900
C          1.17200        3.00400       -1.40900
C         -1.17200        3.00400       -1.40900
C          1.17200       -3.00400        1.40900
C         -1.17200       -3.00400        1.40900
C          1.17200       -3.00400       -1.40900
C         -1.17200       -3.00400       -1.40900
C          2.58100        0.72400        2.28000
C          2.58100        0.72400       -2.28000
C          2.58100       -0.72400        2.28000
C          2.58100       -0.72400       -2.28000
C         -2.58100        0.72400        2.28000
C         -2.58100        0.72400       -2.28000
C         -2.58100       -0.72400        2.28000
C         -2.58100       -0.72400       -2.28000
C          0.72400        2.28000        2.58100
C          0.72400       -2.28000        2.58100
C         -0.72400        2.28000        2.58100
C         -0.72400       -2.28000        2.58100
C          0.72400        2.28000       -2.58100
C          0.72400       -2.28000       -2.58100
C         -0.72400        2.28000       -2.58100
C         -0.72400       -2.28000       -2.58100
C          2.28000        2.58100        0.72400
C         -2.28000        2.58100        0.72400
C          2.28000        2.58100       -0.72400
C         -2.28000        2.58100       -0.72400
C          2.28000       -2.58100        0.72400
C         -2.28000       -2.58100        0.72400
C          2.28000       -2.58100       -0.72400
C         -2.28000       -2.58100       -0.72400
