247
C:\projects\github\molvwr\website\molsamples\graphene.pdb
C          0.86800        0.22500       -4.33400
C          1.10400       -0.15700       -2.99800
C         -0.79700        1.84100       -3.58200
C         -0.56300        1.46100       -2.24500
C         -2.47100        3.44900       -2.83400
C         -2.24000        3.07000       -1.49600
C         -4.15700        5.04900       -2.09000
C         -3.92800        4.67300       -0.75100
C         -5.85100        6.64700       -1.35200
C         -5.62300        6.27200       -0.01000
C          2.05200       -1.15900       -2.70800
C          2.28700       -1.54200       -1.37200
C          0.38800        0.46200       -1.95300
C          0.62100        0.08000       -0.61700
C         -1.28500        2.07600       -1.20200
C         -1.05300        1.69500        0.13500
C         -2.96800        3.68300       -0.45400
C         -2.73700        3.30300        0.88300
C         -4.66000        5.28400        0.29000
C         -4.42900        4.90500        1.62900
C          3.23600       -2.54500       -1.08200
C          3.47000       -2.92600        0.25500
C          1.57200       -0.92100       -0.32600
C          1.80500       -1.30300        1.01100
C         -0.09900        0.69800        0.42800
C          0.13400        0.31600        1.76400
C         -1.77800        2.31000        1.17800
C         -1.54500        1.92800        2.51500
C         -3.46600        3.91400        1.92500
C         -3.23200        3.53400        3.26300
C          4.41900       -3.92900        0.54600
C          4.65300       -4.30800        1.88400
C          2.75500       -2.30400        1.30200
C          2.98900       -2.68400        2.64000
C          1.08700       -0.68300        2.05600
C          1.32100       -1.06300        3.39400
C         -0.58800        0.93300        2.80800
C         -0.35400        0.55200        4.14500
C         -2.27100        2.54200        3.55700
C         -2.03600        2.16000        4.89400
C          5.60200       -5.31000        2.17600
C          5.83500       -5.68700        3.51600
C          3.93800       -3.68500        2.93100
C          4.17200       -4.06300        4.27000
C          2.27200       -2.06300        3.68600
C          2.50600       -2.44200        5.02400
C          0.60100       -0.44500        4.43800
C          0.83600       -0.82500        5.77600
C         -1.07700        1.16600        5.18900
C         -0.84200        0.78500        6.52600
C         -5.11700        6.03500       -2.39100
C         -3.42800        4.43800       -3.13100
C         -1.74900        2.83600       -3.87700
C         -0.08100        1.22400       -4.62700
C          0.11500       -0.21000        6.82100
C          1.78900       -1.82300        6.07000
C          3.45600       -3.44100        5.31700
C          5.12000       -5.06300        4.56300
C         -1.56400        1.39700        7.57000
C         -2.52400        2.39000        7.27400
C         -2.76100        2.77200        5.93700
C         -3.72400        3.76300        5.64300
C         -3.96100        4.14500        4.30500
C         -4.92600        5.13500        4.01000
C         -5.16000        5.51500        2.67100
C         -6.12500        6.50400        2.37200
C         -6.35700        6.88200        1.03000
C         -7.32100        7.87000        0.72700
C         -7.55000        8.24600       -0.62300
C         -6.81300        7.63200       -1.65800
C         -1.32900        1.01500        8.90800
C         -0.37200        0.02200        9.20400
C          0.34900       -0.59100        8.16000
C          1.30400       -1.58700        8.45500
C          2.02300       -2.20300        7.40900
C          2.97400       -3.20100        7.70300
C          3.69000       -3.82000        6.65700
C          4.63800       -4.82000        6.95100
C          5.35200       -5.44000        5.90400
C          6.78300       -6.68700        3.81100
C          7.50000       -7.31200        2.76400
C          7.26800       -6.93600        1.42400
C          6.31800       -5.93400        1.12900
C          6.08300       -5.55600       -0.21100
C          5.13300       -4.55300       -0.50200
C          4.89800       -4.17200       -1.84100
C          3.94900       -3.16700       -2.13000
C          3.71200       -2.78500       -3.46600
C          2.76400       -1.78000       -3.75500
C          2.52600       -1.39700       -5.09100
C          1.57800       -0.39400       -5.38000
C          6.29800       -6.44000        6.19900
C          7.01300       -7.06200        5.15200
C          7.95800       -8.06000        5.45100
C          8.67500       -8.68300        4.40800
C          8.44900       -8.31200        3.06200
C         -5.65500        5.74400        5.05500
C         -5.41700        5.36200        6.39300
C         -4.45100        4.37200        6.68600
C         -4.21100        3.98900        8.02300
C         -3.24800        2.99900        8.31700
C         -3.01100        2.61600        9.65500
C         -2.05200        1.62500        9.95200
C         -6.62100        6.73200        4.76200
C         -6.85700        7.11400        3.41500
C         -7.82400        8.10400        3.11500
C         -8.05700        8.48200        1.77000
C         -7.35200        7.34100        5.81200
C         -7.11300        6.96000        7.15400
C         -6.14300        5.96900        7.44000
C         -5.89900        5.58300        8.77900
C         -4.93500        4.59500        9.06700
C         -4.69600        4.21300       10.40400
C         -3.73400        3.22400       10.69800
C          9.17200       -8.94300        2.01900
C          8.93700       -8.56700        0.67600
C          7.98400       -7.56200        0.37800
C          7.74600       -7.18400       -0.96800
C          6.79600       -6.18000       -1.26000
C          6.55800       -5.80000       -2.60100
C          5.60900       -4.79500       -2.89000
C          5.37000       -4.41300       -4.22900
C          4.42200       -3.40700       -4.51500
C          4.18000       -3.02200       -5.85200
C          3.23300       -2.01700       -6.13900
C         -7.03600        8.00200       -3.00200
C         -6.30100        7.38800       -4.04000
C         -5.34400        6.40700       -3.73300
C         -4.61400        5.79600       -4.77300
C         -3.65800        4.81300       -4.47100
C         -2.93600        4.20200       -5.51400
C         -1.98300        3.21300       -5.21600
C         -1.26700        2.59900       -6.26000
C         -0.31800        1.60400       -5.96400
C          0.39100        0.98700       -7.00900
C          1.33800       -0.01200       -6.71700
C          2.04200       -0.63000       -7.76400
C          2.98900       -1.63200       -7.47500
C         -8.53900        8.69500        4.16900
C         -8.30700        8.32000        5.49400
C         -9.00900        9.46100        1.44200
C         -9.23400        9.83200        0.11400
C         -8.51500        9.23600       -0.93400
C         -8.73600        9.60600       -2.28400
C         -7.99300        8.98400       -3.31600
C          3.69100       -2.25000       -8.52500
C          4.63800       -3.25600       -8.23800
C          4.88500       -3.64300       -6.90200
C          5.83300       -4.65100       -6.61800
C          6.07700       -5.03600       -5.28100
C          7.02500       -6.04200       -4.99700
C          7.26700       -6.42500       -3.65200
C          8.21800       -7.43200       -3.36200
C          8.45900       -7.81000       -2.02000
C         -8.20600        9.34400       -4.67000
C         -7.47200        8.72900       -5.69200
C         -6.52300        7.75500       -5.38600
C         -4.84400        6.16700       -6.11700
C         -4.12100        5.55600       -7.14800
C         -3.17000        4.57600       -6.85600
C         -2.45300        3.96200       -7.88900
C         -1.50500        2.97600       -7.60000
C         -0.79500        2.36000       -8.63500
C          0.15000        1.36800       -8.34900
C         -5.79500        7.14300       -6.41400
C          0.85500        0.75100       -9.38500
C          1.79800       -0.24500       -9.10100
C          2.49700       -0.86000      -10.13900
C          3.44300       -1.86200       -9.86200
C          4.14500       -2.48400      -10.90200
C          5.08800       -3.48500      -10.62300
C          5.33700       -3.87400       -9.28900
C         -9.68400       10.58500       -2.63200
C         -9.89200       10.94000       -3.97000
C         -9.15000       10.31700       -4.99000
C         -3.49800        2.84300       12.03700
C         -2.54200        1.85600       12.32600
C         -1.81700        1.24400       11.29300
C         -0.86200        0.25400       11.57900
C         -0.13800       -0.36000       10.54500
C          0.81500       -1.35200       10.83000
C          1.53700       -1.96900        9.79500
C          2.48800       -2.96300       10.08000
C          3.20700       -3.58200        9.04400
C          4.15500       -4.57900        9.32800
C          4.87100       -5.20000        8.29200
C          5.81600       -6.19600        8.57700
C          6.53000       -6.81800        7.54100
C          7.47300       -7.81400        7.82900
C          8.18800       -8.43600        6.79500
C          6.28400       -4.88100       -9.01000
C          6.53400       -5.27200       -7.67200
C          7.48500       -6.28400       -7.39600
C          7.73100       -6.66800       -6.05500
C          8.66900       -7.66600       -5.74600
C          8.90800       -8.04000       -4.42300
C          9.39900       -8.80300       -1.70400
C          9.63500       -9.17500       -0.37900
C         -7.82000        7.54500        8.22200
C         -7.57600        7.16100        9.54600
C         -6.62000        6.18400        9.83400
C         -6.37600        5.80000       11.16100
C         -5.42000        4.82000       11.44900
C         -5.18100        4.44000       12.77300
C         -4.22400        3.45600       13.06700
C          8.16600       -6.88500       -8.47100
C          7.91600       -6.49700       -9.79300
C          6.97900       -5.49900      -10.07100
C          6.72800       -5.10800      -11.39500
C          5.78100       -4.10000      -11.66700
C          9.13000       -9.42900        7.08800
C          9.84500      -10.05100        6.05800
C          9.61900       -9.67900        4.71300
C         10.34000      -10.30600        3.67600
C         10.11400       -9.93800        2.34600
C         10.78600      -11.04100        6.35100
C         11.50000      -11.66000        5.31800
C         11.27800      -11.29400        3.98500
C         -9.34800       10.66000       -6.31500
C         -8.62200       10.04700       -7.31900
C         -7.68300        9.08200       -7.01000
C         -6.95900        8.47000       -8.02100
C         -6.01500        7.50100       -7.72700
C         -5.29400        6.89100       -8.74500
C         -4.34700        5.91800       -8.45900
C         -3.63000        5.30600       -9.48000
C         -2.68400        4.32800       -9.19800
C         -1.97200        3.71200      -10.22100
C         -1.02900        2.73000       -9.94300
C         -0.32300        2.11200      -10.96700
C          0.61700        1.12600      -10.69200
C          1.31800        0.50900      -11.71900
C          2.25200       -0.47800      -11.44100
C          2.96100       -1.10800      -12.45100
C          3.89600       -2.10000      -12.16000
C          4.15600       -2.50800      -10.73600
C          4.58600       -2.71100      -13.20400
C          5.52300       -3.70500      -12.96600
C          6.21100       -4.31700      -13.99800
C          7.14400       -5.31100      -13.73200
C          7.41200       -5.71700      -12.43300
C         -7.07700        6.38700       12.19400
C         -6.83600        6.00800       13.50000
C         -5.89400        5.04000       13.79000
C        -10.28900       11.62800       -6.61600
C        -11.02200       12.24400       -5.61000
C        -10.83200       11.90800       -4.28000
